,Time,Price,Volume_per_trade,Volume
0,2021-10-05 08:00:00,21200.0,1000.0,16261165.0
1,2021-10-05 08:00:00,21200.0,2000.0,16260165.0
2,2021-10-05 08:00:00,21200.0,8000.0,16258165.0
3,2021-10-05 08:00:00,21200.0,3000.0,16250165.0
4,2021-10-05 08:00:00,21200.0,45000.0,16247165.0
5,2021-10-05 08:00:00,21200.0,400.0,16202165.0
6,2021-10-05 08:00:00,21200.0,1000.0,16201765.0
7,2021-10-05 07:59:00,21200.0,1000.0,16200765.0
8,2021-10-05 07:59:00,21200.0,1272.0,16199765.0
9,2021-10-05 07:59:00,21200.0,200.0,16198493.0
10,2021-10-05 07:59:00,21200.0,500.0,16198293.0
11,2021-10-05 07:59:00,21200.0,300.0,16197793.0
12,2021-10-05 07:59:00,21200.0,200.0,16197493.0
13,2021-10-05 07:59:00,21200.0,100.0,16197293.0
14,2021-10-05 07:59:00,21200.0,4500.0,16197193.0
15,2021-10-05 07:58:00,21200.0,3600.0,16192693.0
16,2021-10-05 07:58:00,21200.0,200.0,16189093.0
17,2021-10-05 07:58:00,21200.0,5000.0,16188893.0
18,2021-10-05 07:58:00,21200.0,200.0,16183893.0
19,2021-10-05 07:58:00,21200.0,2000.0,16183693.0
20,2021-10-05 07:58:00,21100.0,6000.0,16181693.0
21,2021-10-05 07:58:00,21100.0,5000.0,16175693.0
22,2021-10-05 07:58:00,21200.0,200.0,16170693.0
23,2021-10-05 07:58:00,21200.0,1000.0,16170493.0
24,2021-10-05 07:58:00,21200.0,2000.0,16169493.0
25,2021-10-05 07:58:00,21200.0,130.0,16167493.0
26,2021-10-05 07:58:00,21100.0,500.0,16167363.0
27,2021-10-05 07:58:00,21100.0,6000.0,16166863.0
28,2021-10-05 07:57:00,21200.0,2500.0,16160863.0
29,2021-10-05 07:57:00,21200.0,2600.0,16158363.0
30,2021-10-05 07:57:00,21200.0,100.0,16155763.0
31,2021-10-05 07:57:00,21100.0,15000.0,16155663.0
32,2021-10-05 07:57:00,21100.0,5000.0,16140663.0
33,2021-10-05 07:57:00,21200.0,5000.0,16135663.0
34,2021-10-05 07:57:00,21200.0,300.0,16130663.0
35,2021-10-05 07:57:00,21100.0,500.0,16130363.0
36,2021-10-05 07:57:00,21100.0,400.0,16129863.0
37,2021-10-05 07:57:00,21200.0,6000.0,16129463.0
38,2021-10-05 07:57:00,21200.0,10300.0,16123463.0
39,2021-10-05 07:57:00,21200.0,100.0,16113163.0
40,2021-10-05 07:57:00,21100.0,100.0,16113063.0
41,2021-10-05 07:57:00,21200.0,1000.0,16112963.0
42,2021-10-05 07:56:00,21200.0,5000.0,16111963.0
43,2021-10-05 07:56:00,21200.0,3000.0,16106963.0
44,2021-10-05 07:56:00,21100.0,400.0,16103963.0
45,2021-10-05 07:56:00,21100.0,200.0,16103563.0
46,2021-10-05 07:55:00,21100.0,1000.0,16103363.0
47,2021-10-05 07:55:00,21200.0,500.0,16102363.0
48,2021-10-05 07:55:00,21100.0,1500.0,16101863.0
49,2021-10-05 07:55:00,21100.0,2200.0,16100363.0
50,2021-10-05 07:55:00,21200.0,5000.0,16098163.0
51,2021-10-05 07:55:00,21200.0,100.0,16093163.0
52,2021-10-05 07:55:00,21100.0,500.0,16093063.0
53,2021-10-05 07:55:00,21200.0,80.0,16092563.0
54,2021-10-05 07:55:00,21200.0,2000.0,16092483.0
55,2021-10-05 07:55:00,21100.0,100.0,16090483.0
56,2021-10-05 07:55:00,21100.0,10000.0,16090383.0
57,2021-10-05 07:54:00,21200.0,2000.0,16080383.0
58,2021-10-05 07:54:00,21100.0,4700.0,16078383.0
59,2021-10-05 07:54:00,21200.0,700.0,16073683.0
60,2021-10-05 07:54:00,21200.0,300.0,16072983.0
61,2021-10-05 07:54:00,21200.0,200.0,16072683.0
62,2021-10-05 07:54:00,21200.0,1000.0,16072483.0
63,2021-10-05 07:54:00,21100.0,200.0,16071483.0
64,2021-10-05 07:54:00,21200.0,500.0,16071283.0
65,2021-10-05 07:53:00,21200.0,2000.0,16070783.0
66,2021-10-05 07:53:00,21200.0,500.0,16068783.0
67,2021-10-05 07:53:00,21100.0,10500.0,16068283.0
68,2021-10-05 07:53:00,21200.0,4000.0,16057783.0
69,2021-10-05 07:53:00,21200.0,1000.0,16053783.0
70,2021-10-05 07:53:00,21200.0,5000.0,16052783.0
71,2021-10-05 07:53:00,21100.0,800.0,16047783.0
72,2021-10-05 07:53:00,21100.0,5000.0,16046983.0
73,2021-10-05 07:52:00,21100.0,25400.0,16041983.0
74,2021-10-05 07:52:00,21100.0,1000.0,16016583.0
75,2021-10-05 07:52:00,21100.0,53100.0,16015583.0
76,2021-10-05 07:52:00,21200.0,300.0,15962483.0
77,2021-10-05 07:52:00,21100.0,1000.0,15962183.0
78,2021-10-05 07:52:00,21200.0,500.0,15961183.0
79,2021-10-05 07:52:00,21200.0,1000.0,15960683.0
80,2021-10-05 07:52:00,21200.0,3000.0,15959683.0
81,2021-10-05 07:52:00,21200.0,800.0,15956683.0
82,2021-10-05 07:52:00,21200.0,100.0,15955883.0
83,2021-10-05 07:51:00,21200.0,500.0,15955783.0
84,2021-10-05 07:51:00,21200.0,300.0,15955283.0
85,2021-10-05 07:51:00,21200.0,300.0,15954983.0
86,2021-10-05 07:51:00,21200.0,500.0,15954683.0
87,2021-10-05 07:51:00,21200.0,1000.0,15954183.0
88,2021-10-05 07:51:00,21100.0,1000.0,15953183.0
89,2021-10-05 07:51:00,21100.0,100.0,15952183.0
90,2021-10-05 07:51:00,21200.0,400.0,15952083.0
91,2021-10-05 07:50:00,21200.0,100.0,15951683.0
92,2021-10-05 07:50:00,21200.0,900.0,15951583.0
93,2021-10-05 07:50:00,21100.0,200.0,15950683.0
94,2021-10-05 07:50:00,21200.0,2000.0,15950483.0
95,2021-10-05 07:50:00,21100.0,100.0,15948483.0
96,2021-10-05 07:50:00,21100.0,100.0,15948383.0
97,2021-10-05 07:50:00,21100.0,700.0,15948283.0
98,2021-10-05 07:50:00,21200.0,200.0,15947583.0
99,2021-10-05 07:50:00,21200.0,800.0,15947383.0
100,2021-10-05 07:50:00,21100.0,1000.0,15946583.0
101,2021-10-05 07:49:00,21200.0,100.0,15945583.0
102,2021-10-05 07:49:00,21100.0,500.0,15945483.0
103,2021-10-05 07:49:00,21200.0,100.0,15944983.0
104,2021-10-05 07:49:00,21200.0,500.0,15944883.0
105,2021-10-05 07:49:00,21200.0,100.0,15944383.0
106,2021-10-05 07:49:00,21200.0,100.0,15944283.0
107,2021-10-05 07:49:00,21200.0,900.0,15944183.0
108,2021-10-05 07:49:00,21200.0,700.0,15943283.0
109,2021-10-05 07:49:00,21200.0,300.0,15942583.0
110,2021-10-05 07:49:00,21200.0,2000.0,15942283.0
111,2021-10-05 07:49:00,21200.0,50.0,15940283.0
112,2021-10-05 07:49:00,21200.0,500.0,15940233.0
113,2021-10-05 07:49:00,21200.0,400.0,15939733.0
114,2021-10-05 07:49:00,21200.0,2900.0,15939333.0
115,2021-10-05 07:48:00,21200.0,2000.0,15936433.0
116,2021-10-05 07:48:00,21200.0,1000.0,15934433.0
117,2021-10-05 07:48:00,21200.0,10.0,15933433.0
118,2021-10-05 07:48:00,21200.0,100.0,15933423.0
119,2021-10-05 07:48:00,21200.0,79000.0,15933323.0
120,2021-10-05 07:48:00,21200.0,2000.0,15854323.0
121,2021-10-05 07:48:00,21200.0,100.0,15852323.0
122,2021-10-05 07:48:00,21200.0,1000.0,15852223.0
123,2021-10-05 07:48:00,21200.0,2000.0,15851223.0
124,2021-10-05 07:48:00,21200.0,2000.0,15849223.0
125,2021-10-05 07:48:00,21200.0,200.0,15847223.0
126,2021-10-05 07:48:00,21200.0,500.0,15847023.0
127,2021-10-05 07:47:00,21200.0,10200.0,15846523.0
128,2021-10-05 07:47:00,21200.0,3000.0,15836323.0
129,2021-10-05 07:47:00,21200.0,100.0,15833323.0
130,2021-10-05 07:47:00,21200.0,6200.0,15833223.0
131,2021-10-05 07:47:00,21200.0,50000.0,15827023.0
132,2021-10-05 07:47:00,21200.0,1200.0,15777023.0
133,2021-10-05 07:47:00,21200.0,2000.0,15775823.0
134,2021-10-05 07:47:00,21200.0,1000.0,15773823.0
135,2021-10-05 07:47:00,21200.0,200.0,15772823.0
136,2021-10-05 07:47:00,21200.0,900.0,15772623.0
137,2021-10-05 07:47:00,21200.0,4900.0,15771723.0
138,2021-10-05 07:47:00,21200.0,400.0,15766823.0
139,2021-10-05 07:46:00,21200.0,500.0,15766423.0
140,2021-10-05 07:46:00,21200.0,1000.0,15765923.0
141,2021-10-05 07:46:00,21200.0,500.0,15764923.0
142,2021-10-05 07:46:00,21200.0,45.0,15764423.0
143,2021-10-05 07:46:00,21200.0,700.0,15764378.0
144,2021-10-05 07:46:00,21100.0,200.0,15763678.0
145,2021-10-05 07:46:00,21100.0,26.0,15763478.0
146,2021-10-05 07:46:00,21100.0,1000.0,15763452.0
147,2021-10-05 07:46:00,21200.0,500.0,15762452.0
148,2021-10-05 07:46:00,21200.0,1000.0,15761952.0
149,2021-10-05 07:46:00,21200.0,100.0,15760952.0
150,2021-10-05 07:45:00,21200.0,200.0,15760852.0
151,2021-10-05 07:45:00,21100.0,1000.0,15760652.0
152,2021-10-05 07:45:00,21200.0,4.0,15759652.0
153,2021-10-05 07:45:00,21200.0,1000.0,15759648.0
154,2021-10-05 07:45:00,21100.0,300.0,15758648.0
155,2021-10-05 07:45:00,21200.0,500.0,15758348.0
156,2021-10-05 07:44:00,21100.0,200.0,15757848.0
157,2021-10-05 07:44:00,21100.0,400.0,15757648.0
158,2021-10-05 07:44:00,21100.0,100.0,15757248.0
159,2021-10-05 07:44:00,21100.0,100.0,15757148.0
160,2021-10-05 07:44:00,21100.0,4.0,15757048.0
161,2021-10-05 07:44:00,21100.0,10200.0,15757044.0
162,2021-10-05 07:44:00,21100.0,500.0,15746844.0
163,2021-10-05 07:44:00,21100.0,100.0,15746344.0
164,2021-10-05 07:44:00,21100.0,700.0,15746244.0
165,2021-10-05 07:44:00,21100.0,100.0,15745544.0
166,2021-10-05 07:44:00,21100.0,200.0,15745444.0
167,2021-10-05 07:43:00,21100.0,31.0,15745244.0
168,2021-10-05 07:43:00,21100.0,2500.0,15745213.0
169,2021-10-05 07:43:00,21200.0,4000.0,15742713.0
170,2021-10-05 07:43:00,21200.0,1000.0,15738713.0
171,2021-10-05 07:43:00,21200.0,100.0,15737713.0
172,2021-10-05 07:43:00,21200.0,2000.0,15737613.0
173,2021-10-05 07:43:00,21100.0,2100.0,15735613.0
174,2021-10-05 07:43:00,21100.0,100.0,15733513.0
175,2021-10-05 07:43:00,21200.0,4000.0,15733413.0
176,2021-10-05 07:43:00,21200.0,1000.0,15729413.0
177,2021-10-05 07:43:00,21200.0,500.0,15728413.0
178,2021-10-05 07:42:00,21200.0,300.0,15727913.0
179,2021-10-05 07:42:00,21200.0,200.0,15727613.0
180,2021-10-05 07:42:00,21200.0,3500.0,15727413.0
181,2021-10-05 07:42:00,21200.0,5.0,15723913.0
182,2021-10-05 07:42:00,21200.0,3000.0,15723908.0
183,2021-10-05 07:42:00,21100.0,1000.0,15720908.0
184,2021-10-05 07:42:00,21200.0,10000.0,15719908.0
185,2021-10-05 07:42:00,21200.0,5000.0,15709908.0
186,2021-10-05 07:42:00,21200.0,2.0,15704908.0
187,2021-10-05 07:42:00,21200.0,5000.0,15704906.0
188,2021-10-05 07:42:00,21100.0,700.0,15699906.0
189,2021-10-05 07:42:00,21100.0,100.0,15699206.0
190,2021-10-05 07:42:00,21200.0,500.0,15699106.0
191,2021-10-05 07:42:00,21100.0,5000.0,15698606.0
192,2021-10-05 07:42:00,21200.0,300.0,15693606.0
193,2021-10-05 07:41:00,21100.0,700.0,15693306.0
194,2021-10-05 07:41:00,21100.0,500.0,15692606.0
195,2021-10-05 07:41:00,21200.0,400.0,15692106.0
196,2021-10-05 07:41:00,21100.0,100.0,15691706.0
197,2021-10-05 07:41:00,21100.0,800.0,15691606.0
198,2021-10-05 07:41:00,21100.0,500.0,15690806.0
199,2021-10-05 07:41:00,21100.0,200.0,15690306.0
200,2021-10-05 07:41:00,21100.0,2000.0,15690106.0
201,2021-10-05 07:41:00,21200.0,2000.0,15688106.0
202,2021-10-05 07:41:00,21100.0,100.0,15686106.0
203,2021-10-05 07:41:00,21200.0,10000.0,15686006.0
204,2021-10-05 07:40:00,21100.0,300.0,15676006.0
205,2021-10-05 07:40:00,21100.0,5000.0,15675706.0
206,2021-10-05 07:40:00,21100.0,12400.0,15670706.0
207,2021-10-05 07:40:00,21200.0,100.0,15658306.0
208,2021-10-05 07:40:00,21100.0,11.0,15658206.0
209,2021-10-05 07:40:00,21100.0,500.0,15658195.0
210,2021-10-05 07:40:00,21100.0,200.0,15657695.0
211,2021-10-05 07:40:00,21100.0,700.0,15657495.0
212,2021-10-05 07:40:00,21100.0,82.0,15656795.0
213,2021-10-05 07:40:00,21100.0,100.0,15656713.0
214,2021-10-05 07:40:00,21100.0,4214.0,15656613.0
215,2021-10-05 07:40:00,21100.0,1000.0,15652399.0
216,2021-10-05 07:40:00,21100.0,1100.0,15651399.0
217,2021-10-05 07:39:00,21100.0,500.0,15650299.0
218,2021-10-05 07:39:00,21100.0,100.0,15649799.0
219,2021-10-05 07:39:00,21100.0,300.0,15649699.0
220,2021-10-05 07:39:00,21100.0,1000.0,15649399.0
221,2021-10-05 07:39:00,21100.0,300.0,15648399.0
222,2021-10-05 07:39:00,21100.0,1000.0,15648099.0
223,2021-10-05 07:39:00,21200.0,600.0,15647099.0
224,2021-10-05 07:39:00,21100.0,900.0,15646499.0
225,2021-10-05 07:39:00,21100.0,300.0,15645599.0
226,2021-10-05 07:38:00,21200.0,1900.0,15645299.0
227,2021-10-05 07:38:00,21200.0,1000.0,15643399.0
228,2021-10-05 07:38:00,21200.0,200.0,15642399.0
229,2021-10-05 07:37:00,21200.0,1800.0,15642199.0
230,2021-10-05 07:37:00,21200.0,10000.0,15640399.0
231,2021-10-05 07:37:00,21100.0,1500.0,15630399.0
232,2021-10-05 07:37:00,21200.0,100.0,15628899.0
233,2021-10-05 07:37:00,21100.0,200.0,15628799.0
234,2021-10-05 07:37:00,21200.0,2900.0,15628599.0
235,2021-10-05 07:37:00,21200.0,1100.0,15625699.0
236,2021-10-05 07:37:00,21200.0,10000.0,15624599.0
237,2021-10-05 07:37:00,21200.0,100.0,15614599.0
238,2021-10-05 07:37:00,21200.0,100.0,15614499.0
239,2021-10-05 07:37:00,21100.0,1000.0,15614399.0
240,2021-10-05 07:37:00,21200.0,800.0,15613399.0
241,2021-10-05 07:37:00,21200.0,300.0,15612599.0
242,2021-10-05 07:36:00,21200.0,3000.0,15612299.0
243,2021-10-05 07:36:00,21100.0,1000.0,15609299.0
244,2021-10-05 07:36:00,21100.0,200.0,15608299.0
245,2021-10-05 07:36:00,21100.0,3000.0,15608099.0
246,2021-10-05 07:36:00,21100.0,500.0,15605099.0
247,2021-10-05 07:36:00,21100.0,1100.0,15604599.0
248,2021-10-05 07:36:00,21100.0,100.0,15603499.0
249,2021-10-05 07:36:00,21100.0,500.0,15603399.0
250,2021-10-05 07:35:00,21100.0,1500.0,15602899.0
251,2021-10-05 07:35:00,21100.0,5000.0,15601399.0
252,2021-10-05 07:35:00,21100.0,200.0,15596399.0
253,2021-10-05 07:35:00,21200.0,500.0,15596199.0
254,2021-10-05 07:35:00,21200.0,23.0,15595699.0
255,2021-10-05 07:35:00,21200.0,500.0,15595676.0
256,2021-10-05 07:35:00,21100.0,1000.0,15595176.0
257,2021-10-05 07:34:00,21100.0,100.0,15594176.0
258,2021-10-05 07:34:00,21100.0,3000.0,15594076.0
259,2021-10-05 07:34:00,21100.0,700.0,15591076.0
260,2021-10-05 07:34:00,21200.0,900.0,15590376.0
261,2021-10-05 07:34:00,21100.0,1100.0,15589476.0
262,2021-10-05 07:34:00,21100.0,100.0,15588376.0
263,2021-10-05 07:34:00,21100.0,300.0,15588276.0
264,2021-10-05 07:34:00,21100.0,200.0,15587976.0
265,2021-10-05 07:34:00,21100.0,100.0,15587776.0
266,2021-10-05 07:34:00,21100.0,100.0,15587676.0
267,2021-10-05 07:33:00,21100.0,1000.0,15587576.0
268,2021-10-05 07:33:00,21100.0,3000.0,15586576.0
269,2021-10-05 07:33:00,21100.0,100.0,15583576.0
270,2021-10-05 07:33:00,21200.0,200.0,15583476.0
271,2021-10-05 07:33:00,21100.0,100.0,15583276.0
272,2021-10-05 07:33:00,21100.0,200.0,15583176.0
273,2021-10-05 07:33:00,21100.0,1000.0,15582976.0
274,2021-10-05 07:33:00,21200.0,500.0,15581976.0
275,2021-10-05 07:33:00,21200.0,100.0,15581476.0
276,2021-10-05 07:32:00,21100.0,100.0,15581376.0
277,2021-10-05 07:32:00,21100.0,20000.0,15581276.0
278,2021-10-05 07:32:00,21100.0,900.0,15561276.0
279,2021-10-05 07:32:00,21200.0,2000.0,15560376.0
280,2021-10-05 07:32:00,21100.0,90.0,15558376.0
281,2021-10-05 07:32:00,21100.0,1000.0,15558286.0
282,2021-10-05 07:32:00,21200.0,100.0,15557286.0
283,2021-10-05 07:32:00,21200.0,1000.0,15557186.0
284,2021-10-05 07:32:00,21200.0,4000.0,15556186.0
285,2021-10-05 07:31:00,21200.0,1200.0,15552186.0
286,2021-10-05 07:31:00,21200.0,500.0,15550986.0
287,2021-10-05 07:31:00,21200.0,100.0,15550486.0
288,2021-10-05 07:31:00,21200.0,100.0,15550386.0
289,2021-10-05 07:31:00,21200.0,100.0,15550286.0
290,2021-10-05 07:31:00,21200.0,400.0,15550186.0
291,2021-10-05 07:31:00,21200.0,2000.0,15549786.0
292,2021-10-05 07:31:00,21200.0,3900.0,15547786.0
293,2021-10-05 07:31:00,21200.0,500.0,15543886.0
294,2021-10-05 07:31:00,21200.0,200.0,15543386.0
295,2021-10-05 07:30:00,21200.0,2000.0,15543186.0
296,2021-10-05 07:30:00,21200.0,500.0,15541186.0
297,2021-10-05 07:30:00,21200.0,100.0,15540686.0
298,2021-10-05 07:30:00,21200.0,1000.0,15540586.0
299,2021-10-05 07:30:00,21200.0,1000.0,15539586.0
300,2021-10-05 07:30:00,21200.0,5200.0,15538586.0
301,2021-10-05 07:30:00,21100.0,5700.0,15533386.0
302,2021-10-05 07:30:00,21100.0,10000.0,15527686.0
303,2021-10-05 07:30:00,21200.0,1000.0,15517686.0
304,2021-10-05 07:30:00,21200.0,500.0,15516686.0
305,2021-10-05 07:30:00,21200.0,500.0,15516186.0
306,2021-10-05 07:30:00,21200.0,4300.0,15515686.0
307,2021-10-05 07:30:00,21200.0,500.0,15511386.0
308,2021-10-05 07:30:00,21200.0,2000.0,15510886.0
309,2021-10-05 07:29:00,21100.0,2000.0,15508886.0
310,2021-10-05 07:29:00,21100.0,2000.0,15506886.0
311,2021-10-05 07:29:00,21200.0,5000.0,15504886.0
312,2021-10-05 07:29:00,21100.0,3400.0,15499886.0
313,2021-10-05 07:29:00,21200.0,3700.0,15496486.0
314,2021-10-05 07:29:00,21200.0,3000.0,15492786.0
315,2021-10-05 07:29:00,21200.0,100.0,15489786.0
316,2021-10-05 07:29:00,21200.0,100.0,15489686.0
317,2021-10-05 07:29:00,21200.0,506.0,15489586.0
318,2021-10-05 07:29:00,21200.0,1000.0,15489080.0
319,2021-10-05 07:29:00,21200.0,500.0,15488080.0
320,2021-10-05 07:29:00,21200.0,3000.0,15487580.0
321,2021-10-05 07:29:00,21200.0,1000.0,15484580.0
322,2021-10-05 07:29:00,21100.0,2000.0,15483580.0
323,2021-10-05 07:29:00,21200.0,2000.0,15481580.0
324,2021-10-05 07:29:00,21200.0,500.0,15479580.0
325,2021-10-05 07:29:00,21200.0,2000.0,15479080.0
326,2021-10-05 07:29:00,21200.0,1000.0,15477080.0
327,2021-10-05 07:29:00,21200.0,4900.0,15476080.0
328,2021-10-05 07:29:00,21200.0,1500.0,15471180.0
329,2021-10-05 07:29:00,21200.0,3000.0,15469680.0
330,2021-10-05 07:29:00,21200.0,900.0,15466680.0
331,2021-10-05 07:29:00,21200.0,5000.0,15465780.0
332,2021-10-05 07:28:00,21200.0,1500.0,15460780.0
333,2021-10-05 07:28:00,21200.0,200.0,15459280.0
334,2021-10-05 07:28:00,21200.0,1000.0,15459080.0
335,2021-10-05 07:28:00,21200.0,200.0,15458080.0
336,2021-10-05 07:28:00,21200.0,2700.0,15457880.0
337,2021-10-05 07:28:00,21200.0,100.0,15455180.0
338,2021-10-05 07:28:00,21200.0,2500.0,15455080.0
339,2021-10-05 07:28:00,21200.0,2000.0,15452580.0
340,2021-10-05 07:28:00,21200.0,1000.0,15450580.0
341,2021-10-05 07:28:00,21200.0,6000.0,15449580.0
342,2021-10-05 07:28:00,21200.0,1100.0,15443580.0
343,2021-10-05 07:28:00,21100.0,100.0,15442480.0
344,2021-10-05 07:28:00,21100.0,3000.0,15442380.0
345,2021-10-05 07:28:00,21200.0,700.0,15439380.0
346,2021-10-05 07:28:00,21100.0,200.0,15438680.0
347,2021-10-05 07:28:00,21200.0,2000.0,15438480.0
348,2021-10-05 07:28:00,21200.0,100.0,15436480.0
349,2021-10-05 07:28:00,21200.0,300.0,15436380.0
350,2021-10-05 07:28:00,21100.0,200.0,15436080.0
351,2021-10-05 07:28:00,21200.0,600.0,15435880.0
352,2021-10-05 07:28:00,21200.0,1000.0,15435280.0
353,2021-10-05 07:27:00,21200.0,3000.0,15434280.0
354,2021-10-05 07:27:00,21200.0,35300.0,15431280.0
355,2021-10-05 07:27:00,21100.0,300.0,15395980.0
356,2021-10-05 07:27:00,21200.0,300.0,15395680.0
357,2021-10-05 07:27:00,21200.0,500.0,15395380.0
358,2021-10-05 07:27:00,21200.0,2500.0,15394880.0
359,2021-10-05 07:27:00,21100.0,1000.0,15392380.0
360,2021-10-05 07:27:00,21200.0,1000.0,15391380.0
361,2021-10-05 07:27:00,21200.0,1000.0,15390380.0
362,2021-10-05 07:27:00,21200.0,1000.0,15389380.0
363,2021-10-05 07:27:00,21200.0,5000.0,15388380.0
364,2021-10-05 07:27:00,21200.0,100.0,15383380.0
365,2021-10-05 07:27:00,21200.0,900.0,15383280.0
366,2021-10-05 07:27:00,21200.0,200.0,15382380.0
367,2021-10-05 07:27:00,21200.0,2000.0,15382180.0
368,2021-10-05 07:27:00,21200.0,1000.0,15380180.0
369,2021-10-05 07:27:00,21200.0,500.0,15379180.0
370,2021-10-05 07:27:00,21200.0,100.0,15378680.0
371,2021-10-05 07:27:00,21200.0,5000.0,15378580.0
372,2021-10-05 07:27:00,21200.0,300.0,15373580.0
373,2021-10-05 07:27:00,21200.0,500.0,15373280.0
374,2021-10-05 07:27:00,21200.0,200.0,15372780.0
375,2021-10-05 07:26:00,21100.0,2000.0,15372580.0
376,2021-10-05 07:26:00,21200.0,500.0,15370580.0
377,2021-10-05 07:26:00,21200.0,100.0,15370080.0
378,2021-10-05 07:26:00,21200.0,1000.0,15369980.0
379,2021-10-05 07:26:00,21200.0,25000.0,15368980.0
380,2021-10-05 07:26:00,21200.0,5000.0,15343980.0
381,2021-10-05 07:26:00,21200.0,100.0,15338980.0
382,2021-10-05 07:26:00,21200.0,1000.0,15338880.0
383,2021-10-05 07:26:00,21100.0,80.0,15337880.0
384,2021-10-05 07:26:00,21100.0,300.0,15337800.0
385,2021-10-05 07:26:00,21200.0,500.0,15337500.0
386,2021-10-05 07:26:00,21200.0,100.0,15337000.0
387,2021-10-05 07:26:00,21200.0,300.0,15336900.0
388,2021-10-05 07:25:00,21200.0,3000.0,15336600.0
389,2021-10-05 07:25:00,21200.0,2000.0,15333600.0
390,2021-10-05 07:25:00,21100.0,2300.0,15331600.0
391,2021-10-05 07:25:00,21200.0,500.0,15329300.0
392,2021-10-05 07:25:00,21100.0,2100.0,15328800.0
393,2021-10-05 07:25:00,21200.0,600.0,15326700.0
394,2021-10-05 07:25:00,21100.0,2000.0,15326100.0
395,2021-10-05 07:25:00,21100.0,2000.0,15324100.0
396,2021-10-05 07:25:00,21200.0,1650.0,15322100.0
397,2021-10-05 07:25:00,21200.0,300.0,15320450.0
398,2021-10-05 07:25:00,21200.0,400.0,15320150.0
399,2021-10-05 07:25:00,21200.0,1300.0,15319750.0
400,2021-10-05 07:25:00,21200.0,400.0,15318450.0
401,2021-10-05 07:25:00,21200.0,5500.0,15318050.0
402,2021-10-05 07:24:00,21200.0,5000.0,15312550.0
403,2021-10-05 07:24:00,21200.0,500.0,15307550.0
404,2021-10-05 07:24:00,21200.0,500.0,15307050.0
405,2021-10-05 07:24:00,21200.0,1400.0,15306550.0
406,2021-10-05 07:24:00,21200.0,11000.0,15305150.0
407,2021-10-05 07:24:00,21200.0,5000.0,15294150.0
408,2021-10-05 07:24:00,21200.0,1000.0,15289150.0
409,2021-10-05 07:24:00,21200.0,100.0,15288150.0
410,2021-10-05 07:24:00,21200.0,200.0,15288050.0
411,2021-10-05 07:24:00,21100.0,40000.0,15287850.0
412,2021-10-05 07:24:00,21200.0,2000.0,15247850.0
413,2021-10-05 07:24:00,21200.0,4800.0,15245850.0
414,2021-10-05 07:24:00,21200.0,20000.0,15241050.0
415,2021-10-05 07:24:00,21200.0,1400.0,15221050.0
416,2021-10-05 07:24:00,21200.0,3000.0,15219650.0
417,2021-10-05 07:24:00,21200.0,300.0,15216650.0
418,2021-10-05 07:24:00,21200.0,10000.0,15216350.0
419,2021-10-05 07:24:00,21200.0,500.0,15206350.0
420,2021-10-05 07:24:00,21200.0,1000.0,15205850.0
421,2021-10-05 07:24:00,21100.0,100.0,15204850.0
422,2021-10-05 07:23:00,21200.0,42300.0,15204750.0
423,2021-10-05 07:23:00,21100.0,78.0,15162450.0
424,2021-10-05 07:23:00,21100.0,2000.0,15162372.0
425,2021-10-05 07:23:00,21100.0,2500.0,15160372.0
426,2021-10-05 07:23:00,21200.0,300.0,15157872.0
427,2021-10-05 07:23:00,21200.0,100.0,15157572.0
428,2021-10-05 07:23:00,21200.0,5000.0,15157472.0
429,2021-10-05 07:23:00,21200.0,1000.0,15152472.0
430,2021-10-05 07:23:00,21200.0,600.0,15151472.0
431,2021-10-05 07:23:00,21200.0,1000.0,15150872.0
432,2021-10-05 07:23:00,21200.0,300.0,15149872.0
433,2021-10-05 07:23:00,21300.0,1500.0,15149572.0
434,2021-10-05 07:23:00,21200.0,17800.0,15148072.0
435,2021-10-05 07:23:00,21200.0,1000.0,15130272.0
436,2021-10-05 07:23:00,21300.0,15100.0,15129272.0
437,2021-10-05 07:23:00,21300.0,500.0,15114172.0
438,2021-10-05 07:23:00,21200.0,200700.0,15113672.0
439,2021-10-05 07:23:00,21300.0,500.0,14912972.0
440,2021-10-05 07:23:00,21300.0,10.0,14912472.0
441,2021-10-05 07:23:00,21300.0,1000.0,14912462.0
442,2021-10-05 07:23:00,21300.0,800.0,14911462.0
443,2021-10-05 07:23:00,21300.0,2000.0,14910662.0
444,2021-10-05 07:23:00,21200.0,2100.0,14908662.0
445,2021-10-05 07:23:00,21300.0,10000.0,14906562.0
446,2021-10-05 07:23:00,21300.0,2500.0,14896562.0
447,2021-10-05 07:23:00,21300.0,600.0,14894062.0
448,2021-10-05 07:23:00,21300.0,3000.0,14893462.0
449,2021-10-05 07:23:00,21200.0,1200.0,14890462.0
450,2021-10-05 07:22:00,21300.0,1400.0,14889262.0
451,2021-10-05 07:22:00,21300.0,5000.0,14887862.0
452,2021-10-05 07:22:00,21300.0,3000.0,14882862.0
453,2021-10-05 07:22:00,21300.0,2000.0,14879862.0
454,2021-10-05 07:22:00,21300.0,2400.0,14877862.0
455,2021-10-05 07:22:00,21300.0,1000.0,14875462.0
456,2021-10-05 07:22:00,21300.0,2000.0,14874462.0
457,2021-10-05 07:22:00,21300.0,5300.0,14872462.0
458,2021-10-05 07:22:00,21300.0,10000.0,14867162.0
459,2021-10-05 07:22:00,21300.0,3600.0,14857162.0
460,2021-10-05 07:22:00,21300.0,3000.0,14853562.0
461,2021-10-05 07:22:00,21300.0,11886.0,14850562.0
462,2021-10-05 07:22:00,21300.0,2000.0,14838676.0
463,2021-10-05 07:22:00,21200.0,300.0,14836676.0
464,2021-10-05 07:22:00,21300.0,1000.0,14836376.0
465,2021-10-05 07:22:00,21300.0,5300.0,14835376.0
466,2021-10-05 07:22:00,21300.0,2000.0,14830076.0
467,2021-10-05 07:22:00,21200.0,2700.0,14828076.0
468,2021-10-05 07:22:00,21300.0,2300.0,14825376.0
469,2021-10-05 07:22:00,21300.0,1000.0,14823076.0
470,2021-10-05 07:22:00,21300.0,10000.0,14822076.0
471,2021-10-05 07:22:00,21300.0,25400.0,14812076.0
472,2021-10-05 07:22:00,21300.0,1500.0,14786676.0
473,2021-10-05 07:22:00,21300.0,3300.0,14785176.0
474,2021-10-05 07:22:00,21300.0,1500.0,14781876.0
475,2021-10-05 07:22:00,21300.0,3000.0,14780376.0
476,2021-10-05 07:22:00,21300.0,200.0,14777376.0
477,2021-10-05 07:22:00,21300.0,11000.0,14777176.0
478,2021-10-05 07:22:00,21300.0,2600.0,14766176.0
479,2021-10-05 07:22:00,21300.0,56100.0,14763576.0
480,2021-10-05 07:21:00,21300.0,800.0,14707476.0
481,2021-10-05 07:21:00,21300.0,1022.0,14706676.0
482,2021-10-05 07:21:00,21300.0,500.0,14705654.0
483,2021-10-05 07:21:00,21300.0,4300.0,14705154.0
484,2021-10-05 07:21:00,21300.0,2400.0,14700854.0
485,2021-10-05 07:21:00,21200.0,500.0,14698454.0
486,2021-10-05 07:21:00,21300.0,41100.0,14697954.0
487,2021-10-05 07:21:00,21200.0,1200.0,14656854.0
488,2021-10-05 07:21:00,21300.0,2100.0,14655654.0
489,2021-10-05 07:21:00,21200.0,2800.0,14653554.0
490,2021-10-05 07:21:00,21300.0,500.0,14650754.0
491,2021-10-05 07:21:00,21200.0,100.0,14650254.0
492,2021-10-05 07:21:00,21300.0,5000.0,14650154.0
493,2021-10-05 07:21:00,21200.0,2000.0,14645154.0
494,2021-10-05 07:21:00,21200.0,100.0,14643154.0
495,2021-10-05 07:21:00,21200.0,2100.0,14643054.0
496,2021-10-05 07:21:00,21200.0,500.0,14640954.0
497,2021-10-05 07:21:00,21200.0,1000.0,14640454.0
498,2021-10-05 07:21:00,21200.0,100.0,14639454.0
499,2021-10-05 07:21:00,21200.0,454900.0,14639354.0
500,2021-10-05 07:21:00,21200.0,5400.0,14184454.0
501,2021-10-05 07:21:00,21200.0,5000.0,14179054.0
502,2021-10-05 07:21:00,21200.0,27800.0,14174054.0
503,2021-10-05 07:21:00,21200.0,20300.0,14146254.0
504,2021-10-05 07:21:00,21200.0,100.0,14125954.0
505,2021-10-05 07:21:00,21200.0,15100.0,14125854.0
506,2021-10-05 07:21:00,21200.0,2400.0,14110754.0
507,2021-10-05 07:21:00,21200.0,5700.0,14108354.0
508,2021-10-05 07:21:00,21200.0,10000.0,14102654.0
509,2021-10-05 07:21:00,21200.0,11000.0,14092654.0
510,2021-10-05 07:21:00,21200.0,30000.0,14081654.0
511,2021-10-05 07:21:00,21200.0,2300.0,14051654.0
512,2021-10-05 07:21:00,21200.0,1500.0,14049354.0
513,2021-10-05 07:21:00,21200.0,6000.0,14047854.0
514,2021-10-05 07:21:00,21200.0,16000.0,14041854.0
515,2021-10-05 07:21:00,21200.0,3000.0,14025854.0
516,2021-10-05 07:21:00,21200.0,500.0,14022854.0
517,2021-10-05 07:21:00,21100.0,3000.0,14022354.0
518,2021-10-05 07:21:00,21200.0,100.0,14019354.0
519,2021-10-05 07:20:00,21200.0,2000.0,14019254.0
520,2021-10-05 07:20:00,21200.0,8000.0,14017254.0
521,2021-10-05 07:20:00,21200.0,22000.0,14009254.0
522,2021-10-05 07:20:00,21200.0,10000.0,13987254.0
523,2021-10-05 07:20:00,21200.0,10400.0,13977254.0
524,2021-10-05 07:20:00,21100.0,9000.0,13966854.0
525,2021-10-05 07:20:00,21100.0,200.0,13957854.0
526,2021-10-05 07:20:00,21100.0,5400.0,13957654.0
527,2021-10-05 07:20:00,21100.0,16000.0,13952254.0
528,2021-10-05 07:20:00,21100.0,25500.0,13936254.0
529,2021-10-05 07:20:00,21100.0,10000.0,13910754.0
530,2021-10-05 07:20:00,21100.0,100000.0,13900754.0
531,2021-10-05 07:20:00,21100.0,5000.0,13800754.0
532,2021-10-05 07:20:00,21100.0,21500.0,13795754.0
533,2021-10-05 07:20:00,21100.0,200.0,13774254.0
534,2021-10-05 07:20:00,21100.0,1100.0,13774054.0
535,2021-10-05 07:20:00,21100.0,1000.0,13772954.0
536,2021-10-05 07:20:00,21100.0,400.0,13771954.0
537,2021-10-05 07:20:00,21100.0,40000.0,13771554.0
538,2021-10-05 07:20:00,21100.0,6100.0,13731554.0
539,2021-10-05 07:20:00,21100.0,600.0,13725454.0
540,2021-10-05 07:20:00,21100.0,10100.0,13724854.0
541,2021-10-05 07:20:00,21100.0,1000.0,13714754.0
542,2021-10-05 07:20:00,21000.0,100.0,13713754.0
543,2021-10-05 07:20:00,21000.0,300.0,13713654.0
544,2021-10-05 07:20:00,21100.0,28.0,13713354.0
545,2021-10-05 07:20:00,21100.0,1000.0,13713326.0
546,2021-10-05 07:20:00,21100.0,700.0,13712326.0
547,2021-10-05 07:20:00,21000.0,2000.0,13711626.0
548,2021-10-05 07:20:00,21100.0,3700.0,13709626.0
549,2021-10-05 07:20:00,21000.0,100.0,13705926.0
550,2021-10-05 07:20:00,21000.0,7800.0,13705826.0
551,2021-10-05 07:20:00,21000.0,2000.0,13698026.0
552,2021-10-05 07:20:00,21100.0,2500.0,13696026.0
553,2021-10-05 07:19:00,21000.0,3000.0,13693526.0
554,2021-10-05 07:19:00,21100.0,600.0,13690526.0
555,2021-10-05 07:19:00,21000.0,100.0,13689926.0
556,2021-10-05 07:19:00,21100.0,2000.0,13689826.0
557,2021-10-05 07:19:00,21000.0,500.0,13687826.0
558,2021-10-05 07:19:00,21000.0,1000.0,13687326.0
559,2021-10-05 07:19:00,21000.0,1000.0,13686326.0
560,2021-10-05 07:19:00,21000.0,1200.0,13685326.0
561,2021-10-05 07:19:00,21000.0,9500.0,13684126.0
562,2021-10-05 07:19:00,21000.0,17700.0,13674626.0
563,2021-10-05 07:19:00,21000.0,21700.0,13656926.0
564,2021-10-05 07:19:00,21000.0,100100.0,13635226.0
565,2021-10-05 07:19:00,21000.0,3000.0,13535126.0
566,2021-10-05 07:19:00,21000.0,371000.0,13532126.0
567,2021-10-05 07:19:00,21000.0,1200.0,13161126.0
568,2021-10-05 07:19:00,21000.0,5200.0,13159926.0
569,2021-10-05 07:19:00,21000.0,2000.0,13154726.0
570,2021-10-05 07:19:00,21000.0,7020.0,13152726.0
571,2021-10-05 07:19:00,21000.0,5000.0,13145706.0
572,2021-10-05 07:19:00,21000.0,3700.0,13140706.0
573,2021-10-05 07:19:00,21000.0,500.0,13137006.0
574,2021-10-05 07:19:00,21000.0,6500.0,13136506.0
575,2021-10-05 07:19:00,21000.0,100.0,13130006.0
576,2021-10-05 07:19:00,21000.0,300000.0,13129906.0
577,2021-10-05 07:19:00,21000.0,3000.0,12829906.0
578,2021-10-05 07:19:00,20900.0,2100.0,12826906.0
579,2021-10-05 07:19:00,21000.0,600.0,12824806.0
580,2021-10-05 07:19:00,21000.0,500.0,12824206.0
581,2021-10-05 07:19:00,21000.0,15000.0,12823706.0
582,2021-10-05 07:19:00,20900.0,100.0,12808706.0
583,2021-10-05 07:19:00,21000.0,200.0,12808606.0
584,2021-10-05 07:19:00,21000.0,1400.0,12808406.0
585,2021-10-05 07:19:00,21000.0,8000.0,12807006.0
586,2021-10-05 07:19:00,21000.0,100.0,12799006.0
587,2021-10-05 07:19:00,21000.0,11500.0,12798906.0
588,2021-10-05 07:18:00,21000.0,100.0,12787406.0
589,2021-10-05 07:18:00,21000.0,500.0,12787306.0
590,2021-10-05 07:18:00,21000.0,46000.0,12786806.0
591,2021-10-05 07:18:00,21000.0,100.0,12740806.0
592,2021-10-05 07:18:00,21000.0,1500.0,12740706.0
593,2021-10-05 07:18:00,20900.0,100.0,12739206.0
594,2021-10-05 07:18:00,21000.0,500.0,12739106.0
595,2021-10-05 07:18:00,20900.0,300.0,12738606.0
596,2021-10-05 07:18:00,20900.0,500.0,12738306.0
597,2021-10-05 07:18:00,20900.0,200.0,12737806.0
598,2021-10-05 07:18:00,20900.0,3000.0,12737606.0
599,2021-10-05 07:18:00,20900.0,23300.0,12734606.0
600,2021-10-05 07:18:00,20900.0,135200.0,12711306.0
601,2021-10-05 07:18:00,20900.0,17000.0,12576106.0
602,2021-10-05 07:18:00,20900.0,10000.0,12559106.0
603,2021-10-05 07:18:00,20900.0,2014.0,12549106.0
604,2021-10-05 07:18:00,20900.0,50000.0,12547092.0
605,2021-10-05 07:18:00,20900.0,3000.0,12497092.0
606,2021-10-05 07:18:00,20900.0,12000.0,12494092.0
607,2021-10-05 07:18:00,20800.0,100.0,12482092.0
608,2021-10-05 07:18:00,20900.0,1000.0,12481992.0
609,2021-10-05 07:18:00,20900.0,100.0,12480992.0
610,2021-10-05 07:17:00,20900.0,17500.0,12480892.0
611,2021-10-05 07:17:00,20900.0,10000.0,12463392.0
612,2021-10-05 07:17:00,20800.0,200.0,12453392.0
613,2021-10-05 07:17:00,20900.0,2000.0,12453192.0
614,2021-10-05 07:17:00,20900.0,100.0,12451192.0
615,2021-10-05 07:17:00,20900.0,1000.0,12451092.0
616,2021-10-05 07:17:00,20900.0,10000.0,12450092.0
617,2021-10-05 07:17:00,20900.0,5600.0,12440092.0
618,2021-10-05 07:17:00,20900.0,1000.0,12434492.0
619,2021-10-05 07:17:00,20800.0,100.0,12433492.0
620,2021-10-05 07:17:00,20800.0,12500.0,12433392.0
621,2021-10-05 07:17:00,20800.0,100.0,12420892.0
622,2021-10-05 07:17:00,20800.0,500.0,12420792.0
623,2021-10-05 07:17:00,20800.0,100.0,12420292.0
624,2021-10-05 07:17:00,20800.0,1500.0,12420192.0
625,2021-10-05 07:17:00,20800.0,200.0,12418692.0
626,2021-10-05 07:17:00,20800.0,6000.0,12418492.0
627,2021-10-05 07:17:00,20800.0,200.0,12412492.0
628,2021-10-05 07:16:00,20800.0,200.0,12412292.0
629,2021-10-05 07:16:00,20800.0,10200.0,12412092.0
630,2021-10-05 07:16:00,20800.0,100.0,12401892.0
631,2021-10-05 07:16:00,20800.0,3000.0,12401792.0
632,2021-10-05 07:16:00,20800.0,500.0,12398792.0
633,2021-10-05 07:16:00,20800.0,500.0,12398292.0
634,2021-10-05 07:16:00,20800.0,300.0,12397792.0
635,2021-10-05 07:16:00,20800.0,500.0,12397492.0
636,2021-10-05 07:16:00,20800.0,500.0,12396992.0
637,2021-10-05 07:16:00,20800.0,200.0,12396492.0
638,2021-10-05 07:16:00,20800.0,100.0,12396292.0
639,2021-10-05 07:16:00,20800.0,13300.0,12396192.0
640,2021-10-05 07:16:00,20800.0,15000.0,12382892.0
641,2021-10-05 07:16:00,20800.0,100.0,12367892.0
642,2021-10-05 07:16:00,20800.0,40000.0,12367792.0
643,2021-10-05 07:16:00,20800.0,10000.0,12327792.0
644,2021-10-05 07:16:00,20800.0,11000.0,12317792.0
645,2021-10-05 07:15:00,20800.0,150000.0,12306792.0
646,2021-10-05 07:15:00,20700.0,25000.0,12156792.0
647,2021-10-05 07:15:00,20800.0,1500.0,12131792.0
648,2021-10-05 07:15:00,20800.0,7000.0,12130292.0
649,2021-10-05 07:15:00,20800.0,600.0,12123292.0
650,2021-10-05 07:15:00,20800.0,300.0,12122692.0
651,2021-10-05 07:15:00,20700.0,500.0,12122392.0
652,2021-10-05 07:15:00,20700.0,10200.0,12121892.0
653,2021-10-05 07:15:00,20700.0,1000.0,12111692.0
654,2021-10-05 07:15:00,20800.0,500.0,12110692.0
655,2021-10-05 07:15:00,20700.0,1100.0,12110192.0
656,2021-10-05 07:15:00,20800.0,5000.0,12109092.0
657,2021-10-05 07:15:00,20800.0,10000.0,12104092.0
658,2021-10-05 07:15:00,20700.0,100.0,12094092.0
659,2021-10-05 07:14:00,20800.0,800.0,12093992.0
660,2021-10-05 07:14:00,20700.0,3200.0,12093192.0
661,2021-10-05 07:14:00,20700.0,400.0,12089992.0
662,2021-10-05 07:14:00,20700.0,200.0,12089592.0
663,2021-10-05 07:14:00,20700.0,800.0,12089392.0
664,2021-10-05 07:14:00,20700.0,300.0,12088592.0
665,2021-10-05 07:14:00,20700.0,5000.0,12088292.0
666,2021-10-05 07:14:00,20700.0,3600.0,12083292.0
667,2021-10-05 07:14:00,20700.0,300.0,12079692.0
668,2021-10-05 07:14:00,20700.0,600.0,12079392.0
669,2021-10-05 07:14:00,20700.0,100.0,12078792.0
670,2021-10-05 07:14:00,20700.0,500.0,12078692.0
671,2021-10-05 07:14:00,20800.0,1000.0,12078192.0
672,2021-10-05 07:14:00,20800.0,100.0,12077192.0
673,2021-10-05 07:13:00,20700.0,370.0,12077092.0
674,2021-10-05 07:13:00,20700.0,1000.0,12076722.0
675,2021-10-05 07:13:00,20700.0,2400.0,12075722.0
676,2021-10-05 07:13:00,20700.0,500.0,12073322.0
677,2021-10-05 07:13:00,20700.0,400.0,12072822.0
678,2021-10-05 07:13:00,20700.0,2000.0,12072422.0
679,2021-10-05 07:13:00,20800.0,300.0,12070422.0
680,2021-10-05 07:12:00,20700.0,1000.0,12070122.0
681,2021-10-05 07:12:00,20800.0,100.0,12069122.0
682,2021-10-05 07:12:00,20800.0,300.0,12069022.0
683,2021-10-05 07:12:00,20700.0,1000.0,12068722.0
684,2021-10-05 07:12:00,20800.0,5000.0,12067722.0
685,2021-10-05 07:12:00,20700.0,700.0,12062722.0
686,2021-10-05 07:12:00,20800.0,300.0,12062022.0
687,2021-10-05 07:12:00,20700.0,50.0,12061722.0
688,2021-10-05 07:12:00,20700.0,4700.0,12061672.0
689,2021-10-05 07:12:00,20700.0,100.0,12056972.0
690,2021-10-05 07:12:00,20800.0,1000.0,12056872.0
691,2021-10-05 07:12:00,20700.0,100.0,12055872.0
692,2021-10-05 07:12:00,20700.0,200.0,12055772.0
693,2021-10-05 07:11:00,20700.0,2500.0,12055572.0
694,2021-10-05 07:11:00,20800.0,4000.0,12053072.0
695,2021-10-05 07:11:00,20700.0,100.0,12049072.0
696,2021-10-05 07:11:00,20800.0,2000.0,12048972.0
697,2021-10-05 07:11:00,20800.0,500.0,12046972.0
698,2021-10-05 07:11:00,20800.0,3000.0,12046472.0
699,2021-10-05 07:11:00,20800.0,400.0,12043472.0
700,2021-10-05 07:11:00,20800.0,300.0,12043072.0
701,2021-10-05 07:11:00,20800.0,2000.0,12042772.0
702,2021-10-05 07:11:00,20800.0,3000.0,12040772.0
703,2021-10-05 07:11:00,20800.0,100.0,12037772.0
704,2021-10-05 07:11:00,20800.0,600.0,12037672.0
705,2021-10-05 07:10:00,20700.0,2000.0,12037072.0
706,2021-10-05 07:10:00,20800.0,5000.0,12035072.0
707,2021-10-05 07:10:00,20800.0,10000.0,12030072.0
708,2021-10-05 07:10:00,20800.0,600.0,12020072.0
709,2021-10-05 07:10:00,20800.0,100.0,12019472.0
710,2021-10-05 07:10:00,20800.0,500.0,12019372.0
711,2021-10-05 07:10:00,20800.0,1000.0,12018872.0
712,2021-10-05 07:10:00,20800.0,500.0,12017872.0
713,2021-10-05 07:10:00,20800.0,10000.0,12017372.0
714,2021-10-05 07:09:00,20800.0,100.0,12007372.0
715,2021-10-05 07:09:00,20800.0,1000.0,12007272.0
716,2021-10-05 07:09:00,20700.0,100.0,12006272.0
717,2021-10-05 07:09:00,20800.0,2900.0,12006172.0
718,2021-10-05 07:09:00,20800.0,500.0,12003272.0
719,2021-10-05 07:08:00,20800.0,50000.0,12002772.0
720,2021-10-05 07:08:00,20800.0,1000.0,11952772.0
721,2021-10-05 07:08:00,20800.0,100.0,11951772.0
722,2021-10-05 07:08:00,20800.0,500.0,11951672.0
723,2021-10-05 07:08:00,20800.0,300.0,11951172.0
724,2021-10-05 07:08:00,20800.0,500.0,11950872.0
725,2021-10-05 07:08:00,20800.0,1000.0,11950372.0
726,2021-10-05 07:08:00,20800.0,100.0,11949372.0
727,2021-10-05 07:07:00,20800.0,2000.0,11949272.0
728,2021-10-05 07:07:00,20800.0,500.0,11947272.0
729,2021-10-05 07:07:00,20800.0,2000.0,11946772.0
730,2021-10-05 07:07:00,20800.0,5000.0,11944772.0
731,2021-10-05 07:07:00,20800.0,300.0,11939772.0
732,2021-10-05 07:07:00,20800.0,1000.0,11939472.0
733,2021-10-05 07:07:00,20800.0,500.0,11938472.0
734,2021-10-05 07:07:00,20800.0,200.0,11937972.0
735,2021-10-05 07:07:00,20800.0,300.0,11937772.0
736,2021-10-05 07:06:00,20800.0,2800.0,11937472.0
737,2021-10-05 07:06:00,20800.0,600.0,11934672.0
738,2021-10-05 07:06:00,20800.0,20000.0,11934072.0
739,2021-10-05 07:06:00,20900.0,100.0,11914072.0
740,2021-10-05 07:06:00,20800.0,1100.0,11913972.0
741,2021-10-05 07:06:00,20800.0,300.0,11912872.0
742,2021-10-05 07:06:00,20800.0,100.0,11912572.0
743,2021-10-05 07:06:00,20800.0,500.0,11912472.0
744,2021-10-05 07:06:00,20800.0,20000.0,11911972.0
745,2021-10-05 07:06:00,20800.0,400.0,11891972.0
746,2021-10-05 07:06:00,20800.0,2000.0,11891572.0
747,2021-10-05 07:05:00,20800.0,2600.0,11889572.0
748,2021-10-05 07:05:00,20800.0,1800.0,11886972.0
749,2021-10-05 07:05:00,20800.0,100.0,11885172.0
750,2021-10-05 07:05:00,20800.0,700.0,11885072.0
751,2021-10-05 07:05:00,20800.0,700.0,11884372.0
752,2021-10-05 07:05:00,20800.0,2000.0,11883672.0
753,2021-10-05 07:05:00,20800.0,100.0,11881672.0
754,2021-10-05 07:05:00,20800.0,100.0,11881572.0
755,2021-10-05 07:05:00,20800.0,100.0,11881472.0
756,2021-10-05 07:05:00,20800.0,3200.0,11881372.0
757,2021-10-05 07:04:00,20800.0,800.0,11878172.0
758,2021-10-05 07:04:00,20800.0,500.0,11877372.0
759,2021-10-05 07:04:00,20900.0,2000.0,11876872.0
760,2021-10-05 07:04:00,20800.0,500.0,11874872.0
761,2021-10-05 07:04:00,20800.0,2000.0,11874372.0
762,2021-10-05 07:04:00,20800.0,2500.0,11872372.0
763,2021-10-05 07:04:00,20800.0,100.0,11869872.0
764,2021-10-05 07:04:00,20800.0,100.0,11869772.0
765,2021-10-05 07:04:00,20800.0,2400.0,11869672.0
766,2021-10-05 07:04:00,20800.0,700.0,11867272.0
767,2021-10-05 07:04:00,20800.0,2000.0,11866572.0
768,2021-10-05 07:04:00,20800.0,2000.0,11864572.0
769,2021-10-05 07:04:00,20800.0,6900.0,11862572.0
770,2021-10-05 07:04:00,20800.0,1000.0,11855672.0
771,2021-10-05 07:04:00,20800.0,5000.0,11854672.0
772,2021-10-05 07:04:00,20800.0,1000.0,11849672.0
773,2021-10-05 07:04:00,20800.0,500.0,11848672.0
774,2021-10-05 07:03:00,20800.0,4100.0,11848172.0
775,2021-10-05 07:03:00,20800.0,5100.0,11844072.0
776,2021-10-05 07:03:00,20800.0,1000.0,11838972.0
777,2021-10-05 07:03:00,20800.0,2000.0,11837972.0
778,2021-10-05 07:03:00,20800.0,1200.0,11835972.0
779,2021-10-05 07:03:00,20800.0,200.0,11834772.0
780,2021-10-05 07:03:00,20800.0,100.0,11834572.0
781,2021-10-05 07:03:00,20800.0,300.0,11834472.0
782,2021-10-05 07:03:00,20700.0,7000.0,11834172.0
783,2021-10-05 07:03:00,20800.0,1000.0,11827172.0
784,2021-10-05 07:03:00,20800.0,2000.0,11826172.0
785,2021-10-05 07:02:00,20800.0,200.0,11824172.0
786,2021-10-05 07:02:00,20800.0,200.0,11823972.0
787,2021-10-05 07:02:00,20800.0,300.0,11823772.0
788,2021-10-05 07:02:00,20800.0,1900.0,11823472.0
789,2021-10-05 07:02:00,20800.0,2000.0,11821572.0
790,2021-10-05 07:02:00,20800.0,200.0,11819572.0
791,2021-10-05 07:02:00,20800.0,1000.0,11819372.0
792,2021-10-05 07:02:00,20800.0,500.0,11818372.0
793,2021-10-05 07:02:00,20800.0,1500.0,11817872.0
794,2021-10-05 07:01:00,20800.0,100.0,11816372.0
795,2021-10-05 07:01:00,20800.0,1000.0,11816272.0
796,2021-10-05 07:01:00,20800.0,100.0,11815272.0
797,2021-10-05 07:01:00,20800.0,14500.0,11815172.0
798,2021-10-05 07:01:00,20800.0,400.0,11800672.0
799,2021-10-05 07:01:00,20800.0,1000.0,11800272.0
800,2021-10-05 07:01:00,20800.0,2000.0,11799272.0
801,2021-10-05 07:01:00,20800.0,3000.0,11797272.0
802,2021-10-05 07:01:00,20800.0,500.0,11794272.0
803,2021-10-05 07:01:00,20800.0,2000.0,11793772.0
804,2021-10-05 07:01:00,20800.0,1000.0,11791772.0
805,2021-10-05 07:01:00,20800.0,2500.0,11790772.0
806,2021-10-05 07:00:00,20800.0,1600.0,11788272.0
807,2021-10-05 07:00:00,20800.0,6000.0,11786672.0
808,2021-10-05 07:00:00,20800.0,200.0,11780672.0
809,2021-10-05 07:00:00,20900.0,500.0,11780472.0
810,2021-10-05 07:00:00,20800.0,2000.0,11779972.0
811,2021-10-05 07:00:00,20800.0,500.0,11777972.0
812,2021-10-05 07:00:00,20800.0,1000.0,11777472.0
813,2021-10-05 07:00:00,20800.0,500.0,11776472.0
814,2021-10-05 06:59:00,20800.0,200.0,11775972.0
815,2021-10-05 06:59:00,20900.0,100.0,11775772.0
816,2021-10-05 06:59:00,20800.0,500.0,11775672.0
817,2021-10-05 06:59:00,20800.0,500.0,11775172.0
818,2021-10-05 06:59:00,20800.0,100.0,11774672.0
819,2021-10-05 06:59:00,20800.0,2000.0,11774572.0
820,2021-10-05 06:59:00,20800.0,4300.0,11772572.0
821,2021-10-05 06:59:00,20800.0,5000.0,11768272.0
822,2021-10-05 06:59:00,20800.0,100.0,11763272.0
823,2021-10-05 06:59:00,20800.0,56.0,11763172.0
824,2021-10-05 06:59:00,20800.0,2000.0,11763116.0
825,2021-10-05 06:58:00,20800.0,1000.0,11761116.0
826,2021-10-05 06:58:00,20800.0,4200.0,11760116.0
827,2021-10-05 06:58:00,20700.0,100.0,11755916.0
828,2021-10-05 06:58:00,20800.0,1000.0,11755816.0
829,2021-10-05 06:58:00,20800.0,700.0,11754816.0
830,2021-10-05 06:58:00,20800.0,3400.0,11754116.0
831,2021-10-05 06:58:00,20800.0,270.0,11750716.0
832,2021-10-05 06:58:00,20800.0,10000.0,11750446.0
833,2021-10-05 06:58:00,20800.0,1000.0,11740446.0
834,2021-10-05 06:58:00,20800.0,200.0,11739446.0
835,2021-10-05 06:58:00,20800.0,100.0,11739246.0
836,2021-10-05 06:58:00,20800.0,4500.0,11739146.0
837,2021-10-05 06:57:00,20800.0,100.0,11734646.0
838,2021-10-05 06:57:00,20800.0,1000.0,11734546.0
839,2021-10-05 06:57:00,20800.0,1900.0,11733546.0
840,2021-10-05 06:57:00,20800.0,100.0,11731646.0
841,2021-10-05 06:57:00,20800.0,10000.0,11731546.0
842,2021-10-05 06:57:00,20800.0,100.0,11721546.0
843,2021-10-05 06:57:00,20800.0,2000.0,11721446.0
844,2021-10-05 06:57:00,20800.0,2000.0,11719446.0
845,2021-10-05 06:57:00,20800.0,3000.0,11717446.0
846,2021-10-05 06:57:00,20800.0,1400.0,11714446.0
847,2021-10-05 06:57:00,20800.0,10100.0,11713046.0
848,2021-10-05 06:57:00,20800.0,100.0,11702946.0
849,2021-10-05 06:57:00,20800.0,300.0,11702846.0
850,2021-10-05 06:57:00,20800.0,300.0,11702546.0
851,2021-10-05 06:56:00,20800.0,100.0,11702246.0
852,2021-10-05 06:56:00,20800.0,200.0,11702146.0
853,2021-10-05 06:56:00,20800.0,500.0,11701946.0
854,2021-10-05 06:56:00,20800.0,3900.0,11701446.0
855,2021-10-05 06:56:00,20800.0,100.0,11697546.0
856,2021-10-05 06:56:00,20800.0,1500.0,11697446.0
857,2021-10-05 06:56:00,20800.0,2000.0,11695946.0
858,2021-10-05 06:56:00,20800.0,2000.0,11693946.0
859,2021-10-05 06:56:00,20800.0,1000.0,11691946.0
860,2021-10-05 06:56:00,20800.0,1000.0,11690946.0
861,2021-10-05 06:56:00,20800.0,4000.0,11689946.0
862,2021-10-05 06:56:00,20800.0,3000.0,11685946.0
863,2021-10-05 06:56:00,20800.0,4000.0,11682946.0
864,2021-10-05 06:56:00,20800.0,1000.0,11678946.0
865,2021-10-05 06:55:00,20800.0,5000.0,11677946.0
866,2021-10-05 06:55:00,20800.0,500.0,11672946.0
867,2021-10-05 06:55:00,20800.0,300.0,11672446.0
868,2021-10-05 06:55:00,20800.0,4100.0,11672146.0
869,2021-10-05 06:55:00,20800.0,500.0,11668046.0
870,2021-10-05 06:55:00,20800.0,1000.0,11667546.0
871,2021-10-05 06:55:00,20800.0,319.0,11666546.0
872,2021-10-05 06:55:00,20800.0,1000.0,11666227.0
873,2021-10-05 06:55:00,20800.0,600.0,11665227.0
874,2021-10-05 06:55:00,20800.0,4500.0,11664627.0
875,2021-10-05 06:55:00,20800.0,500.0,11660127.0
876,2021-10-05 06:55:00,20800.0,10100.0,11659627.0
877,2021-10-05 06:55:00,20800.0,500.0,11649527.0
878,2021-10-05 06:55:00,20800.0,6600.0,11649027.0
879,2021-10-05 06:55:00,20800.0,1000.0,11642427.0
880,2021-10-05 06:55:00,20800.0,300.0,11641427.0
881,2021-10-05 06:55:00,20800.0,16000.0,11641127.0
882,2021-10-05 06:55:00,20800.0,800.0,11625127.0
883,2021-10-05 06:55:00,20800.0,100.0,11624327.0
884,2021-10-05 06:54:00,20800.0,1000.0,11624227.0
885,2021-10-05 06:54:00,20800.0,2000.0,11623227.0
886,2021-10-05 06:54:00,20800.0,2100.0,11621227.0
887,2021-10-05 06:54:00,20800.0,2000.0,11619127.0
888,2021-10-05 06:54:00,20800.0,1000.0,11617127.0
889,2021-10-05 06:54:00,20800.0,1200.0,11616127.0
890,2021-10-05 06:54:00,20800.0,2000.0,11614927.0
891,2021-10-05 06:54:00,20800.0,100.0,11612927.0
892,2021-10-05 06:54:00,20800.0,200.0,11612827.0
893,2021-10-05 06:54:00,20800.0,700.0,11612627.0
894,2021-10-05 06:54:00,20800.0,1000.0,11611927.0
895,2021-10-05 06:54:00,20800.0,4000.0,11610927.0
896,2021-10-05 06:54:00,20800.0,100.0,11606927.0
897,2021-10-05 06:54:00,20800.0,100.0,11606827.0
898,2021-10-05 06:54:00,20800.0,1000.0,11606727.0
899,2021-10-05 06:54:00,20800.0,400.0,11605727.0
900,2021-10-05 06:53:00,20800.0,5000.0,11605327.0
901,2021-10-05 06:53:00,20800.0,1100.0,11600327.0
902,2021-10-05 06:53:00,20800.0,31000.0,11599227.0
903,2021-10-05 06:53:00,20800.0,800.0,11568227.0
904,2021-10-05 06:53:00,20800.0,3000.0,11567427.0
905,2021-10-05 06:53:00,20800.0,100.0,11564427.0
906,2021-10-05 06:53:00,20800.0,500.0,11564327.0
907,2021-10-05 06:53:00,20800.0,300.0,11563827.0
908,2021-10-05 06:53:00,20800.0,2000.0,11563527.0
909,2021-10-05 06:53:00,20800.0,1200.0,11561527.0
910,2021-10-05 06:53:00,20800.0,1000.0,11560327.0
911,2021-10-05 06:53:00,20800.0,600.0,11559327.0
912,2021-10-05 06:52:00,20800.0,400.0,11558727.0
913,2021-10-05 06:52:00,20800.0,300.0,11558327.0
914,2021-10-05 06:52:00,20800.0,100.0,11558027.0
915,2021-10-05 06:52:00,20800.0,300.0,11557927.0
916,2021-10-05 06:52:00,20800.0,2000.0,11557627.0
917,2021-10-05 06:52:00,20800.0,600.0,11555627.0
918,2021-10-05 06:52:00,20800.0,5300.0,11555027.0
919,2021-10-05 06:52:00,20800.0,100.0,11549727.0
920,2021-10-05 06:52:00,20800.0,10000.0,11549627.0
921,2021-10-05 06:52:00,20800.0,3900.0,11539627.0
922,2021-10-05 06:52:00,20800.0,500.0,11535727.0
923,2021-10-05 06:52:00,20800.0,500.0,11535227.0
924,2021-10-05 06:51:00,20800.0,700.0,11534727.0
925,2021-10-05 06:51:00,20800.0,300.0,11534027.0
926,2021-10-05 06:51:00,20800.0,400.0,11533727.0
927,2021-10-05 06:51:00,20800.0,16500.0,11533327.0
928,2021-10-05 06:51:00,20800.0,3600.0,11516827.0
929,2021-10-05 06:51:00,20800.0,500.0,11513227.0
930,2021-10-05 06:51:00,20800.0,100.0,11512727.0
931,2021-10-05 06:51:00,20800.0,500.0,11512627.0
932,2021-10-05 06:51:00,20800.0,50000.0,11512127.0
933,2021-10-05 06:51:00,20800.0,1000.0,11462127.0
934,2021-10-05 06:50:00,20800.0,500.0,11461127.0
935,2021-10-05 06:50:00,20800.0,500.0,11460627.0
936,2021-10-05 06:50:00,20800.0,10100.0,11460127.0
937,2021-10-05 06:50:00,20800.0,300.0,11450027.0
938,2021-10-05 06:50:00,20800.0,2500.0,11449727.0
939,2021-10-05 06:50:00,20800.0,900.0,11447227.0
940,2021-10-05 06:50:00,20800.0,3600.0,11446327.0
941,2021-10-05 06:50:00,20800.0,100.0,11442727.0
942,2021-10-05 06:50:00,20800.0,400.0,11442627.0
943,2021-10-05 06:50:00,20800.0,500.0,11442227.0
944,2021-10-05 06:50:00,20800.0,5000.0,11441727.0
945,2021-10-05 06:50:00,20800.0,1000.0,11436727.0
946,2021-10-05 06:50:00,20800.0,500.0,11435727.0
947,2021-10-05 06:50:00,20800.0,600.0,11435227.0
948,2021-10-05 06:50:00,20800.0,100.0,11434627.0
949,2021-10-05 06:50:00,20800.0,2200.0,11434527.0
950,2021-10-05 06:50:00,20800.0,100.0,11432327.0
951,2021-10-05 06:49:00,20800.0,1000.0,11432227.0
952,2021-10-05 06:49:00,20800.0,1400.0,11431227.0
953,2021-10-05 06:49:00,20800.0,3000.0,11429827.0
954,2021-10-05 06:49:00,20800.0,3500.0,11426827.0
955,2021-10-05 06:49:00,20800.0,600.0,11423327.0
956,2021-10-05 06:49:00,20800.0,200.0,11422727.0
957,2021-10-05 06:49:00,20800.0,200.0,11422527.0
958,2021-10-05 06:49:00,20800.0,10000.0,11422327.0
959,2021-10-05 06:49:00,20800.0,300.0,11412327.0
960,2021-10-05 06:49:00,20800.0,2400.0,11412027.0
961,2021-10-05 06:49:00,20800.0,2200.0,11409627.0
962,2021-10-05 06:49:00,20800.0,1000.0,11407427.0
963,2021-10-05 06:49:00,20800.0,200.0,11406427.0
964,2021-10-05 06:48:00,20800.0,1000.0,11406227.0
965,2021-10-05 06:48:00,20800.0,2100.0,11405227.0
966,2021-10-05 06:48:00,20900.0,100.0,11403127.0
967,2021-10-05 06:48:00,20800.0,500.0,11403027.0
968,2021-10-05 06:48:00,20800.0,1000.0,11402527.0
969,2021-10-05 06:48:00,20800.0,1000.0,11401527.0
970,2021-10-05 06:48:00,20800.0,300.0,11400527.0
971,2021-10-05 06:48:00,20900.0,300.0,11400227.0
972,2021-10-05 06:48:00,20800.0,3500.0,11399927.0
973,2021-10-05 06:48:00,20800.0,200.0,11396427.0
974,2021-10-05 06:48:00,20800.0,3300.0,11396227.0
975,2021-10-05 06:48:00,20800.0,6000.0,11392927.0
976,2021-10-05 06:47:00,20800.0,3000.0,11386927.0
977,2021-10-05 06:47:00,20800.0,30000.0,11383927.0
978,2021-10-05 06:47:00,20900.0,100.0,11353927.0
979,2021-10-05 06:47:00,20800.0,2500.0,11353827.0
980,2021-10-05 06:47:00,20800.0,1900.0,11351327.0
981,2021-10-05 06:47:00,20800.0,3000.0,11349427.0
982,2021-10-05 06:47:00,20800.0,900.0,11346427.0
983,2021-10-05 06:47:00,20800.0,400.0,11345527.0
984,2021-10-05 06:47:00,20800.0,2000.0,11345127.0
985,2021-10-05 06:47:00,20800.0,200.0,11343127.0
986,2021-10-05 06:47:00,20800.0,200.0,11342927.0
987,2021-10-05 06:47:00,20900.0,1100.0,11342727.0
988,2021-10-05 06:47:00,20800.0,200.0,11341627.0
989,2021-10-05 06:46:00,20800.0,700.0,11341427.0
990,2021-10-05 06:46:00,20800.0,1000.0,11340727.0
991,2021-10-05 06:46:00,20900.0,300.0,11339727.0
992,2021-10-05 06:46:00,20900.0,700.0,11339427.0
993,2021-10-05 06:46:00,20800.0,1000.0,11338727.0
994,2021-10-05 06:46:00,20800.0,1000.0,11337727.0
995,2021-10-05 06:45:00,20800.0,500.0,11336727.0
996,2021-10-05 06:45:00,20800.0,1000.0,11336227.0
997,2021-10-05 06:45:00,20900.0,20000.0,11335227.0
998,2021-10-05 06:45:00,20800.0,300.0,11315227.0
999,2021-10-05 06:45:00,20800.0,1100.0,11314927.0
1000,2021-10-05 06:45:00,20800.0,20000.0,11313827.0
1001,2021-10-05 06:45:00,20900.0,1800.0,11293827.0
1002,2021-10-05 06:45:00,20800.0,100.0,11292027.0
1003,2021-10-05 06:45:00,20800.0,200.0,11291927.0
1004,2021-10-05 06:45:00,20900.0,600.0,11291727.0
1005,2021-10-05 06:45:00,20800.0,100.0,11291127.0
1006,2021-10-05 06:44:00,20800.0,3500.0,11291027.0
1007,2021-10-05 06:44:00,20800.0,200.0,11287527.0
1008,2021-10-05 06:44:00,20800.0,1500.0,11287327.0
1009,2021-10-05 06:44:00,20800.0,100.0,11285827.0
1010,2021-10-05 06:44:00,20800.0,5400.0,11285727.0
1011,2021-10-05 06:44:00,20800.0,2000.0,11280327.0
1012,2021-10-05 06:44:00,20800.0,2000.0,11278327.0
1013,2021-10-05 06:44:00,20800.0,4000.0,11276327.0
1014,2021-10-05 06:44:00,20800.0,500.0,11272327.0
1015,2021-10-05 06:44:00,20800.0,500.0,11271827.0
1016,2021-10-05 06:44:00,20800.0,500.0,11271327.0
1017,2021-10-05 06:43:00,20800.0,200.0,11270827.0
1018,2021-10-05 06:43:00,20800.0,800.0,11270627.0
1019,2021-10-05 06:43:00,20800.0,200.0,11269827.0
1020,2021-10-05 06:43:00,20900.0,1000.0,11269627.0
1021,2021-10-05 06:43:00,20800.0,100.0,11268627.0
1022,2021-10-05 06:43:00,20800.0,200.0,11268527.0
1023,2021-10-05 06:42:00,20800.0,300.0,11268327.0
1024,2021-10-05 06:42:00,20800.0,500.0,11268027.0
1025,2021-10-05 06:42:00,20800.0,700.0,11267527.0
1026,2021-10-05 06:42:00,20800.0,200.0,11266827.0
1027,2021-10-05 06:42:00,20800.0,500.0,11266627.0
1028,2021-10-05 06:42:00,20800.0,1000.0,11266127.0
1029,2021-10-05 06:42:00,20800.0,2000.0,11265127.0
1030,2021-10-05 06:42:00,20800.0,200.0,11263127.0
1031,2021-10-05 06:42:00,20800.0,400.0,11262927.0
1032,2021-10-05 06:42:00,20800.0,1000.0,11262527.0
1033,2021-10-05 06:42:00,20800.0,400.0,11261527.0
1034,2021-10-05 06:42:00,20800.0,500.0,11261127.0
1035,2021-10-05 06:42:00,20800.0,1000.0,11260627.0
1036,2021-10-05 06:42:00,20800.0,3000.0,11259627.0
1037,2021-10-05 06:41:00,20800.0,700.0,11256627.0
1038,2021-10-05 06:41:00,20900.0,100.0,11255927.0
1039,2021-10-05 06:41:00,20800.0,500.0,11255827.0
1040,2021-10-05 06:41:00,20800.0,1100.0,11255327.0
1041,2021-10-05 06:41:00,20800.0,2000.0,11254227.0
1042,2021-10-05 06:41:00,20800.0,300.0,11252227.0
1043,2021-10-05 06:41:00,20800.0,700.0,11251927.0
1044,2021-10-05 06:41:00,20800.0,5000.0,11251227.0
1045,2021-10-05 06:41:00,20800.0,100.0,11246227.0
1046,2021-10-05 06:41:00,20800.0,4000.0,11246127.0
1047,2021-10-05 06:41:00,20800.0,2000.0,11242127.0
1048,2021-10-05 06:41:00,20800.0,1000.0,11240127.0
1049,2021-10-05 06:41:00,20800.0,100.0,11239127.0
1050,2021-10-05 06:41:00,20800.0,500.0,11239027.0
1051,2021-10-05 06:41:00,20800.0,1000.0,11238527.0
1052,2021-10-05 06:40:00,20800.0,1000.0,11237527.0
1053,2021-10-05 06:40:00,20800.0,700.0,11236527.0
1054,2021-10-05 06:40:00,20800.0,600.0,11235827.0
1055,2021-10-05 06:40:00,20800.0,1000.0,11235227.0
1056,2021-10-05 06:40:00,20800.0,1700.0,11234227.0
1057,2021-10-05 06:40:00,20800.0,100.0,11232527.0
1058,2021-10-05 06:40:00,20800.0,3000.0,11232427.0
1059,2021-10-05 06:40:00,20800.0,1700.0,11229427.0
1060,2021-10-05 06:40:00,20800.0,5000.0,11227727.0
1061,2021-10-05 06:40:00,20800.0,1000.0,11222727.0
1062,2021-10-05 06:40:00,20800.0,500.0,11221727.0
1063,2021-10-05 06:39:00,20800.0,3000.0,11221227.0
1064,2021-10-05 06:39:00,20800.0,2000.0,11218227.0
1065,2021-10-05 06:39:00,20800.0,9400.0,11216227.0
1066,2021-10-05 06:39:00,20900.0,500.0,11206827.0
1067,2021-10-05 06:39:00,20800.0,200.0,11206327.0
1068,2021-10-05 06:39:00,20900.0,1000.0,11206127.0
1069,2021-10-05 06:39:00,20800.0,5000.0,11205127.0
1070,2021-10-05 06:39:00,20800.0,1000.0,11200127.0
1071,2021-10-05 06:38:00,20800.0,700.0,11199127.0
1072,2021-10-05 06:38:00,20800.0,200.0,11198427.0
1073,2021-10-05 06:38:00,20800.0,2000.0,11198227.0
1074,2021-10-05 06:38:00,20800.0,3000.0,11196227.0
1075,2021-10-05 06:38:00,20800.0,200.0,11193227.0
1076,2021-10-05 06:38:00,20900.0,300.0,11193027.0
1077,2021-10-05 06:38:00,20800.0,10.0,11192727.0
1078,2021-10-05 06:38:00,20800.0,100.0,11192717.0
1079,2021-10-05 06:38:00,20900.0,2100.0,11192617.0
1080,2021-10-05 06:38:00,20800.0,1000.0,11190517.0
1081,2021-10-05 06:38:00,20800.0,10000.0,11189517.0
1082,2021-10-05 06:37:00,20800.0,500.0,11179517.0
1083,2021-10-05 06:37:00,20800.0,4000.0,11179017.0
1084,2021-10-05 06:37:00,20800.0,1000.0,11175017.0
1085,2021-10-05 06:37:00,20800.0,10000.0,11174017.0
1086,2021-10-05 06:37:00,20800.0,600.0,11164017.0
1087,2021-10-05 06:37:00,20800.0,2000.0,11163417.0
1088,2021-10-05 06:37:00,20800.0,500.0,11161417.0
1089,2021-10-05 06:37:00,20800.0,100.0,11160917.0
1090,2021-10-05 06:37:00,20800.0,300.0,11160817.0
1091,2021-10-05 06:37:00,20800.0,2000.0,11160517.0
1092,2021-10-05 06:37:00,20800.0,100.0,11158517.0
1093,2021-10-05 06:37:00,20800.0,3000.0,11158417.0
1094,2021-10-05 06:36:00,20800.0,1201.0,11155417.0
1095,2021-10-05 06:36:00,20800.0,3000.0,11154216.0
1096,2021-10-05 06:36:00,20800.0,100.0,11151216.0
1097,2021-10-05 06:36:00,20800.0,1600.0,11151116.0
1098,2021-10-05 06:36:00,20800.0,100.0,11149516.0
1099,2021-10-05 06:36:00,20800.0,700.0,11149416.0
1100,2021-10-05 06:36:00,20800.0,100.0,11148716.0
1101,2021-10-05 06:35:00,20800.0,1000.0,11148616.0
1102,2021-10-05 06:35:00,20800.0,7000.0,11147616.0
1103,2021-10-05 06:35:00,20800.0,100.0,11140616.0
1104,2021-10-05 06:35:00,20800.0,10000.0,11140516.0
1105,2021-10-05 06:35:00,20800.0,3000.0,11130516.0
1106,2021-10-05 06:35:00,20800.0,8000.0,11127516.0
1107,2021-10-05 06:35:00,20800.0,500.0,11119516.0
1108,2021-10-05 06:35:00,20800.0,1000.0,11119016.0
1109,2021-10-05 06:35:00,20800.0,5300.0,11118016.0
1110,2021-10-05 06:35:00,20800.0,500.0,11112716.0
1111,2021-10-05 06:35:00,20800.0,400.0,11112216.0
1112,2021-10-05 06:35:00,20800.0,3300.0,11111816.0
1113,2021-10-05 06:35:00,20800.0,1000.0,11108516.0
1114,2021-10-05 06:35:00,20800.0,300.0,11107516.0
1115,2021-10-05 06:35:00,20800.0,1000.0,11107216.0
1116,2021-10-05 06:35:00,20800.0,5000.0,11106216.0
1117,2021-10-05 06:35:00,20800.0,1000.0,11101216.0
1118,2021-10-05 06:35:00,20800.0,200.0,11100216.0
1119,2021-10-05 06:35:00,20800.0,200.0,11100016.0
1120,2021-10-05 06:35:00,20800.0,300.0,11099816.0
1121,2021-10-05 06:35:00,20800.0,2000.0,11099516.0
1122,2021-10-05 06:35:00,20800.0,2000.0,11097516.0
1123,2021-10-05 06:34:00,20800.0,1000.0,11095516.0
1124,2021-10-05 06:34:00,20800.0,100.0,11094516.0
1125,2021-10-05 06:34:00,20800.0,100.0,11094416.0
1126,2021-10-05 06:34:00,20800.0,100.0,11094316.0
1127,2021-10-05 06:34:00,20800.0,500.0,11094216.0
1128,2021-10-05 06:34:00,20800.0,400.0,11093716.0
1129,2021-10-05 06:34:00,20800.0,2000.0,11093316.0
1130,2021-10-05 06:34:00,20800.0,5500.0,11091316.0
1131,2021-10-05 06:34:00,20800.0,500.0,11085816.0
1132,2021-10-05 06:34:00,20800.0,500.0,11085316.0
1133,2021-10-05 06:34:00,20800.0,100.0,11084816.0
1134,2021-10-05 06:34:00,20800.0,15000.0,11084716.0
1135,2021-10-05 06:34:00,20800.0,300.0,11069716.0
1136,2021-10-05 06:34:00,20800.0,100.0,11069416.0
1137,2021-10-05 06:34:00,20800.0,500.0,11069316.0
1138,2021-10-05 06:34:00,20800.0,2000.0,11068816.0
1139,2021-10-05 06:34:00,20800.0,300.0,11066816.0
1140,2021-10-05 06:34:00,20800.0,500.0,11066516.0
1141,2021-10-05 06:34:00,20800.0,16000.0,11066016.0
1142,2021-10-05 06:34:00,20800.0,1000.0,11050016.0
1143,2021-10-05 06:33:00,20800.0,2100.0,11049016.0
1144,2021-10-05 06:33:00,20800.0,100.0,11046916.0
1145,2021-10-05 06:33:00,20800.0,1000.0,11046816.0
1146,2021-10-05 06:33:00,20800.0,200.0,11045816.0
1147,2021-10-05 06:33:00,20800.0,100.0,11045616.0
1148,2021-10-05 06:33:00,20800.0,200.0,11045516.0
1149,2021-10-05 06:33:00,20800.0,200.0,11045316.0
1150,2021-10-05 06:33:00,20800.0,1500.0,11045116.0
1151,2021-10-05 06:33:00,20800.0,1500.0,11043616.0
1152,2021-10-05 06:33:00,20800.0,500.0,11042116.0
1153,2021-10-05 06:33:00,20800.0,1000.0,11041616.0
1154,2021-10-05 06:32:00,20800.0,2000.0,11040616.0
1155,2021-10-05 06:32:00,20800.0,5700.0,11038616.0
1156,2021-10-05 06:32:00,20800.0,500.0,11032916.0
1157,2021-10-05 06:32:00,20800.0,1500.0,11032416.0
1158,2021-10-05 06:32:00,20800.0,1500.0,11030916.0
1159,2021-10-05 06:32:00,20800.0,4000.0,11029416.0
1160,2021-10-05 06:32:00,20800.0,2500.0,11025416.0
1161,2021-10-05 06:32:00,20800.0,22000.0,11022916.0
1162,2021-10-05 06:32:00,20800.0,500.0,11000916.0
1163,2021-10-05 06:32:00,20800.0,8900.0,11000416.0
1164,2021-10-05 06:32:00,20800.0,200.0,10991516.0
1165,2021-10-05 06:32:00,20800.0,2000.0,10991316.0
1166,2021-10-05 06:32:00,20800.0,5000.0,10989316.0
1167,2021-10-05 06:32:00,20800.0,100.0,10984316.0
1168,2021-10-05 06:32:00,20900.0,2100.0,10984216.0
1169,2021-10-05 06:32:00,20800.0,1100.0,10982116.0
1170,2021-10-05 06:32:00,20800.0,20000.0,10981016.0
1171,2021-10-05 06:32:00,20800.0,3000.0,10961016.0
1172,2021-10-05 06:32:00,20800.0,1000.0,10958016.0
1173,2021-10-05 06:32:00,20800.0,5000.0,10957016.0
1174,2021-10-05 06:32:00,20800.0,600.0,10952016.0
1175,2021-10-05 06:31:00,20800.0,20300.0,10951416.0
1176,2021-10-05 06:31:00,20800.0,200.0,10931116.0
1177,2021-10-05 06:31:00,20800.0,500.0,10930916.0
1178,2021-10-05 06:31:00,20800.0,600.0,10930416.0
1179,2021-10-05 06:31:00,20800.0,5300.0,10929816.0
1180,2021-10-05 06:31:00,20800.0,2500.0,10924516.0
1181,2021-10-05 06:31:00,20800.0,1000.0,10922016.0
1182,2021-10-05 06:31:00,20800.0,600.0,10921016.0
1183,2021-10-05 06:31:00,20800.0,5000.0,10920416.0
1184,2021-10-05 06:31:00,20800.0,300.0,10915416.0
1185,2021-10-05 06:31:00,20800.0,10000.0,10915116.0
1186,2021-10-05 06:31:00,20800.0,300.0,10905116.0
1187,2021-10-05 06:31:00,20800.0,6000.0,10904816.0
1188,2021-10-05 06:31:00,20800.0,2000.0,10898816.0
1189,2021-10-05 06:31:00,20800.0,2000.0,10896816.0
1190,2021-10-05 06:31:00,20800.0,2000.0,10894816.0
1191,2021-10-05 06:31:00,20800.0,5000.0,10892816.0
1192,2021-10-05 06:31:00,20800.0,5000.0,10887816.0
1193,2021-10-05 06:31:00,20800.0,10100.0,10882816.0
1194,2021-10-05 06:31:00,20800.0,8000.0,10872716.0
1195,2021-10-05 06:31:00,20800.0,5000.0,10864716.0
1196,2021-10-05 06:30:00,20800.0,6300.0,10859716.0
1197,2021-10-05 06:30:00,20800.0,100.0,10853416.0
1198,2021-10-05 06:30:00,20800.0,500.0,10853316.0
1199,2021-10-05 06:30:00,20800.0,100.0,10852816.0
1200,2021-10-05 06:30:00,20800.0,7400.0,10852716.0
1201,2021-10-05 06:30:00,20800.0,300.0,10845316.0
1202,2021-10-05 06:30:00,20800.0,20000.0,10845016.0
1203,2021-10-05 06:30:00,20800.0,1600.0,10825016.0
1204,2021-10-05 06:30:00,20800.0,2500.0,10823416.0
1205,2021-10-05 06:30:00,20800.0,30000.0,10820916.0
1206,2021-10-05 06:30:00,20800.0,11200.0,10790916.0
1207,2021-10-05 06:30:00,20800.0,2000.0,10779716.0
1208,2021-10-05 06:30:00,20900.0,300.0,10777716.0
1209,2021-10-05 06:30:00,20800.0,500.0,10777416.0
1210,2021-10-05 06:30:00,20800.0,2000.0,10776916.0
1211,2021-10-05 06:30:00,20800.0,800.0,10774916.0
1212,2021-10-05 06:30:00,20800.0,5500.0,10774116.0
1213,2021-10-05 06:30:00,20800.0,3000.0,10768616.0
1214,2021-10-05 06:29:00,20800.0,60500.0,10765616.0
1215,2021-10-05 06:29:00,20800.0,300.0,10705116.0
1216,2021-10-05 06:29:00,20800.0,3600.0,10704816.0
1217,2021-10-05 06:29:00,20800.0,10000.0,10701216.0
1218,2021-10-05 06:29:00,20800.0,1700.0,10691216.0
1219,2021-10-05 06:29:00,20900.0,300.0,10689516.0
1220,2021-10-05 06:29:00,20800.0,200.0,10689216.0
1221,2021-10-05 06:29:00,20800.0,1000.0,10689016.0
1222,2021-10-05 06:29:00,20800.0,200.0,10688016.0
1223,2021-10-05 06:29:00,20800.0,300.0,10687816.0
1224,2021-10-05 06:29:00,20800.0,2000.0,10687516.0
1225,2021-10-05 06:29:00,20800.0,500.0,10685516.0
1226,2021-10-05 06:29:00,20800.0,9400.0,10685016.0
1227,2021-10-05 06:29:00,20800.0,100.0,10675616.0
1228,2021-10-05 06:29:00,20800.0,15000.0,10675516.0
1229,2021-10-05 06:29:00,20800.0,5000.0,10660516.0
1230,2021-10-05 06:29:00,20800.0,16000.0,10655516.0
1231,2021-10-05 06:29:00,20800.0,500.0,10639516.0
1232,2021-10-05 06:28:00,20800.0,10000.0,10639016.0
1233,2021-10-05 06:28:00,20800.0,8400.0,10629016.0
1234,2021-10-05 06:28:00,20800.0,100.0,10620616.0
1235,2021-10-05 06:28:00,20800.0,5100.0,10620516.0
1236,2021-10-05 06:28:00,20800.0,5200.0,10615416.0
1237,2021-10-05 06:28:00,20800.0,1000.0,10610216.0
1238,2021-10-05 06:28:00,20800.0,100.0,10609216.0
1239,2021-10-05 06:28:00,20800.0,500.0,10609116.0
1240,2021-10-05 06:28:00,20800.0,500.0,10608616.0
1241,2021-10-05 06:28:00,20800.0,5000.0,10608116.0
1242,2021-10-05 06:28:00,20900.0,11500.0,10603116.0
1243,2021-10-05 06:28:00,20800.0,5000.0,10591616.0
1244,2021-10-05 06:28:00,20800.0,8000.0,10586616.0
1245,2021-10-05 06:28:00,20800.0,1800.0,10578616.0
1246,2021-10-05 06:28:00,20800.0,1200.0,10576816.0
1247,2021-10-05 06:27:00,20800.0,1500.0,10575616.0
1248,2021-10-05 06:27:00,20800.0,2500.0,10574116.0
1249,2021-10-05 06:27:00,20800.0,15000.0,10571616.0
1250,2021-10-05 06:27:00,20800.0,3000.0,10556616.0
1251,2021-10-05 06:27:00,20900.0,1000.0,10553616.0
1252,2021-10-05 06:27:00,20800.0,1000.0,10552616.0
1253,2021-10-05 06:27:00,20800.0,1800.0,10551616.0
1254,2021-10-05 06:27:00,20900.0,200.0,10549816.0
1255,2021-10-05 06:26:00,20900.0,2000.0,10549616.0
1256,2021-10-05 06:26:00,20800.0,1000.0,10547616.0
1257,2021-10-05 06:26:00,20800.0,600.0,10546616.0
1258,2021-10-05 06:26:00,20800.0,1000.0,10546016.0
1259,2021-10-05 06:26:00,20900.0,2000.0,10545016.0
1260,2021-10-05 06:26:00,20800.0,5000.0,10543016.0
1261,2021-10-05 06:26:00,20800.0,500.0,10538016.0
1262,2021-10-05 06:26:00,20800.0,11000.0,10537516.0
1263,2021-10-05 06:26:00,20800.0,500.0,10526516.0
1264,2021-10-05 06:26:00,20800.0,100.0,10526016.0
1265,2021-10-05 06:26:00,20800.0,10000.0,10525916.0
1266,2021-10-05 06:26:00,20800.0,2100.0,10515916.0
1267,2021-10-05 06:25:00,20900.0,1600.0,10513816.0
1268,2021-10-05 06:25:00,20800.0,1000.0,10512216.0
1269,2021-10-05 06:25:00,20900.0,100.0,10511216.0
1270,2021-10-05 06:25:00,20800.0,1000.0,10511116.0
1271,2021-10-05 06:25:00,20900.0,500.0,10510116.0
1272,2021-10-05 06:25:00,20800.0,1100.0,10509616.0
1273,2021-10-05 06:25:00,20800.0,1000.0,10508516.0
1274,2021-10-05 06:24:00,20800.0,1500.0,10507516.0
1275,2021-10-05 06:24:00,20800.0,800.0,10506016.0
1276,2021-10-05 06:24:00,20900.0,500.0,10505216.0
1277,2021-10-05 06:24:00,20800.0,300.0,10504716.0
1278,2021-10-05 06:24:00,20900.0,200.0,10504416.0
1279,2021-10-05 06:24:00,20900.0,6000.0,10504216.0
1280,2021-10-05 06:24:00,20900.0,5000.0,10498216.0
1281,2021-10-05 06:24:00,20800.0,200.0,10493216.0
1282,2021-10-05 06:24:00,20900.0,1000.0,10493016.0
1283,2021-10-05 06:24:00,20900.0,500.0,10492016.0
1284,2021-10-05 06:24:00,20800.0,1000.0,10491516.0
1285,2021-10-05 06:24:00,20900.0,800.0,10490516.0
1286,2021-10-05 06:24:00,20800.0,100.0,10489716.0
1287,2021-10-05 06:23:00,20900.0,2500.0,10489616.0
1288,2021-10-05 06:23:00,20900.0,1000.0,10487116.0
1289,2021-10-05 06:23:00,20800.0,200.0,10486116.0
1290,2021-10-05 06:23:00,20900.0,200.0,10485916.0
1291,2021-10-05 06:23:00,20900.0,200.0,10485716.0
1292,2021-10-05 06:23:00,20900.0,500.0,10485516.0
1293,2021-10-05 06:23:00,20900.0,35000.0,10485016.0
1294,2021-10-05 06:23:00,20900.0,1000.0,10450016.0
1295,2021-10-05 06:23:00,20900.0,2400.0,10449016.0
1296,2021-10-05 06:23:00,20800.0,5000.0,10446616.0
1297,2021-10-05 06:23:00,20900.0,300.0,10441616.0
1298,2021-10-05 06:22:00,20900.0,100.0,10441316.0
1299,2021-10-05 06:22:00,20800.0,500.0,10441216.0
1300,2021-10-05 06:22:00,20800.0,1000.0,10440716.0
1301,2021-10-05 06:22:00,20800.0,300.0,10439716.0
1302,2021-10-05 06:22:00,20900.0,500.0,10439416.0
1303,2021-10-05 06:22:00,20800.0,200.0,10438916.0
1304,2021-10-05 06:22:00,20900.0,100.0,10438716.0
1305,2021-10-05 06:22:00,20800.0,100.0,10438616.0
1306,2021-10-05 06:22:00,20800.0,300.0,10438516.0
1307,2021-10-05 06:22:00,20800.0,500.0,10438216.0
1308,2021-10-05 06:22:00,20800.0,1600.0,10437716.0
1309,2021-10-05 06:22:00,20900.0,100.0,10436116.0
1310,2021-10-05 06:22:00,20800.0,100.0,10436016.0
1311,2021-10-05 06:21:00,20800.0,1700.0,10435916.0
1312,2021-10-05 06:21:00,20800.0,1000.0,10434216.0
1313,2021-10-05 06:21:00,20800.0,4200.0,10433216.0
1314,2021-10-05 06:20:00,20900.0,2500.0,10429016.0
1315,2021-10-05 06:20:00,20800.0,100.0,10426516.0
1316,2021-10-05 06:20:00,20900.0,1000.0,10426416.0
1317,2021-10-05 06:20:00,20800.0,900.0,10425416.0
1318,2021-10-05 06:20:00,20800.0,300.0,10424516.0
1319,2021-10-05 06:20:00,20800.0,500.0,10424216.0
1320,2021-10-05 06:20:00,20800.0,3000.0,10423716.0
1321,2021-10-05 06:19:00,20800.0,100.0,10420716.0
1322,2021-10-05 06:19:00,20800.0,600.0,10420616.0
1323,2021-10-05 06:19:00,20800.0,1000.0,10420016.0
1324,2021-10-05 06:19:00,20800.0,5000.0,10419016.0
1325,2021-10-05 06:19:00,20800.0,500.0,10414016.0
1326,2021-10-05 06:19:00,20800.0,1000.0,10413516.0
1327,2021-10-05 06:19:00,20800.0,200.0,10412516.0
1328,2021-10-05 06:19:00,20800.0,1500.0,10412316.0
1329,2021-10-05 06:19:00,20800.0,10000.0,10410816.0
1330,2021-10-05 06:18:00,20800.0,600.0,10400816.0
1331,2021-10-05 06:18:00,20800.0,1000.0,10400216.0
1332,2021-10-05 06:18:00,20800.0,100.0,10399216.0
1333,2021-10-05 06:18:00,20800.0,300.0,10399116.0
1334,2021-10-05 06:18:00,20800.0,4000.0,10398816.0
1335,2021-10-05 06:18:00,20800.0,1500.0,10394816.0
1336,2021-10-05 06:18:00,20800.0,500.0,10393316.0
1337,2021-10-05 06:18:00,20900.0,100.0,10392816.0
1338,2021-10-05 06:18:00,20800.0,100.0,10392716.0
1339,2021-10-05 06:18:00,20900.0,400.0,10392616.0
1340,2021-10-05 06:18:00,20800.0,5000.0,10392216.0
1341,2021-10-05 06:18:00,20800.0,1000.0,10387216.0
1342,2021-10-05 06:17:00,20900.0,1000.0,10386216.0
1343,2021-10-05 06:17:00,20800.0,2000.0,10385216.0
1344,2021-10-05 06:17:00,20900.0,500.0,10383216.0
1345,2021-10-05 06:17:00,20900.0,100.0,10382716.0
1346,2021-10-05 06:16:00,20800.0,2000.0,10382616.0
1347,2021-10-05 06:16:00,20800.0,2000.0,10380616.0
1348,2021-10-05 06:16:00,20900.0,500.0,10378616.0
1349,2021-10-05 06:16:00,20800.0,2100.0,10378116.0
1350,2021-10-05 06:16:00,20900.0,400.0,10376016.0
1351,2021-10-05 06:15:00,20900.0,200.0,10375616.0
1352,2021-10-05 06:15:00,20800.0,3000.0,10375416.0
1353,2021-10-05 06:15:00,20900.0,2000.0,10372416.0
1354,2021-10-05 06:15:00,20800.0,500.0,10370416.0
1355,2021-10-05 06:15:00,20800.0,5000.0,10369916.0
1356,2021-10-05 06:15:00,20800.0,100.0,10364916.0
1357,2021-10-05 06:15:00,20900.0,200.0,10364816.0
1358,2021-10-05 06:15:00,20800.0,500.0,10364616.0
1359,2021-10-05 06:15:00,20800.0,400.0,10364116.0
1360,2021-10-05 06:14:00,20800.0,9600.0,10363716.0
1361,2021-10-05 06:14:00,20900.0,300.0,10354116.0
1362,2021-10-05 06:14:00,20900.0,400.0,10353816.0
1363,2021-10-05 06:14:00,20900.0,1000.0,10353416.0
1364,2021-10-05 06:14:00,20900.0,200.0,10352416.0
1365,2021-10-05 06:14:00,20900.0,300.0,10352216.0
1366,2021-10-05 06:14:00,20900.0,100.0,10351916.0
1367,2021-10-05 06:13:00,20900.0,1000.0,10351816.0
1368,2021-10-05 06:13:00,20900.0,20000.0,10350816.0
1369,2021-10-05 06:13:00,20900.0,5000.0,10330816.0
1370,2021-10-05 06:13:00,20900.0,2000.0,10325816.0
1371,2021-10-05 06:13:00,20900.0,4000.0,10323816.0
1372,2021-10-05 06:13:00,20900.0,1000.0,10319816.0
1373,2021-10-05 06:13:00,20800.0,200.0,10318816.0
1374,2021-10-05 06:13:00,20900.0,500.0,10318616.0
1375,2021-10-05 06:13:00,20900.0,500.0,10318116.0
1376,2021-10-05 06:13:00,20900.0,3700.0,10317616.0
1377,2021-10-05 06:13:00,20900.0,1800.0,10313916.0
1378,2021-10-05 06:12:00,20900.0,200.0,10312116.0
1379,2021-10-05 06:12:00,20900.0,1000.0,10311916.0
1380,2021-10-05 06:12:00,20900.0,200.0,10310916.0
1381,2021-10-05 06:12:00,20900.0,100.0,10310716.0
1382,2021-10-05 06:12:00,20900.0,2000.0,10310616.0
1383,2021-10-05 06:12:00,20900.0,100.0,10308616.0
1384,2021-10-05 06:12:00,20900.0,1000.0,10308516.0
1385,2021-10-05 06:12:00,20900.0,1000.0,10307516.0
1386,2021-10-05 06:12:00,20900.0,100.0,10306516.0
1387,2021-10-05 06:12:00,20900.0,800.0,10306416.0
1388,2021-10-05 06:12:00,20900.0,200.0,10305616.0
1389,2021-10-05 06:12:00,20900.0,500.0,10305416.0
1390,2021-10-05 06:12:00,20900.0,1000.0,10304916.0
1391,2021-10-05 06:12:00,20900.0,500.0,10303916.0
1392,2021-10-05 06:12:00,20900.0,700.0,10303416.0
1393,2021-10-05 06:12:00,20900.0,2000.0,10302716.0
1394,2021-10-05 06:12:00,20900.0,3000.0,10300716.0
1395,2021-10-05 06:11:00,20900.0,200.0,10297716.0
1396,2021-10-05 06:11:00,20900.0,200.0,10297516.0
1397,2021-10-05 06:11:00,20900.0,200.0,10297316.0
1398,2021-10-05 06:11:00,20900.0,2000.0,10297116.0
1399,2021-10-05 06:11:00,20900.0,2000.0,10295116.0
1400,2021-10-05 06:11:00,20900.0,400.0,10293116.0
1401,2021-10-05 06:11:00,20900.0,100.0,10292716.0
1402,2021-10-05 06:11:00,20900.0,2000.0,10292616.0
1403,2021-10-05 06:11:00,20900.0,2100.0,10290616.0
1404,2021-10-05 06:10:00,20900.0,2000.0,10288516.0
1405,2021-10-05 06:10:00,20900.0,800.0,10286516.0
1406,2021-10-05 06:10:00,20900.0,300.0,10285716.0
1407,2021-10-05 06:10:00,20900.0,500.0,10285416.0
1408,2021-10-05 06:10:00,20900.0,200.0,10284916.0
1409,2021-10-05 06:10:00,20900.0,600.0,10284716.0
1410,2021-10-05 06:10:00,20900.0,1400.0,10284116.0
1411,2021-10-05 06:10:00,20900.0,300.0,10282716.0
1412,2021-10-05 06:10:00,20900.0,500.0,10282416.0
1413,2021-10-05 06:10:00,20900.0,1000.0,10281916.0
1414,2021-10-05 06:10:00,20900.0,100.0,10280916.0
1415,2021-10-05 06:10:00,20900.0,200.0,10280816.0
1416,2021-10-05 06:10:00,20900.0,900.0,10280616.0
1417,2021-10-05 06:10:00,20900.0,2000.0,10279716.0
1418,2021-10-05 06:10:00,20800.0,300.0,10277716.0
1419,2021-10-05 06:10:00,20900.0,3000.0,10277416.0
1420,2021-10-05 06:10:00,20800.0,1000.0,10274416.0
1421,2021-10-05 06:10:00,20900.0,500.0,10273416.0
1422,2021-10-05 06:10:00,20900.0,40000.0,10272916.0
1423,2021-10-05 06:10:00,20900.0,2500.0,10232916.0
1424,2021-10-05 06:09:00,20900.0,2000.0,10230416.0
1425,2021-10-05 06:09:00,20800.0,2100.0,10228416.0
1426,2021-10-05 06:09:00,20900.0,100.0,10226316.0
1427,2021-10-05 06:09:00,20900.0,500.0,10226216.0
1428,2021-10-05 06:09:00,20900.0,3100.0,10225716.0
1429,2021-10-05 06:09:00,20900.0,100.0,10222616.0
1430,2021-10-05 06:08:00,20900.0,27500.0,10222516.0
1431,2021-10-05 06:08:00,20900.0,2000.0,10195016.0
1432,2021-10-05 06:08:00,20900.0,1800.0,10193016.0
1433,2021-10-05 06:08:00,20900.0,400.0,10191216.0
1434,2021-10-05 06:08:00,20900.0,2400.0,10190816.0
1435,2021-10-05 06:08:00,20900.0,100.0,10188416.0
1436,2021-10-05 06:08:00,20900.0,300.0,10188316.0
1437,2021-10-05 06:08:00,20900.0,1500.0,10188016.0
1438,2021-10-05 06:08:00,20900.0,300.0,10186516.0
1439,2021-10-05 06:08:00,20900.0,300.0,10186216.0
1440,2021-10-05 06:08:00,21000.0,100.0,10185916.0
1441,2021-10-05 06:08:00,20900.0,1900.0,10185816.0
1442,2021-10-05 06:08:00,20900.0,800.0,10183916.0
1443,2021-10-05 06:08:00,20900.0,200.0,10183116.0
1444,2021-10-05 06:08:00,20900.0,25000.0,10182916.0
1445,2021-10-05 06:08:00,20900.0,900.0,10157916.0
1446,2021-10-05 06:08:00,20900.0,2000.0,10157016.0
1447,2021-10-05 06:07:00,20900.0,500.0,10155016.0
1448,2021-10-05 06:07:00,20900.0,100000.0,10154516.0
1449,2021-10-05 06:07:00,20900.0,1000.0,10054516.0
1450,2021-10-05 06:07:00,20900.0,200.0,10053516.0
1451,2021-10-05 06:07:00,20900.0,100.0,10053316.0
1452,2021-10-05 06:07:00,21000.0,300.0,10053216.0
1453,2021-10-05 06:06:00,20900.0,15000.0,10052916.0
1454,2021-10-05 06:06:00,20900.0,500.0,10037916.0
1455,2021-10-05 06:06:00,20900.0,1000.0,10037416.0
1456,2021-10-05 06:06:00,21000.0,2000.0,10036416.0
1457,2021-10-05 06:06:00,21000.0,500.0,10034416.0
1458,2021-10-05 06:06:00,21000.0,1300.0,10033916.0
1459,2021-10-05 06:06:00,21000.0,500.0,10032616.0
1460,2021-10-05 06:06:00,21000.0,900.0,10032116.0
1461,2021-10-05 06:05:00,21000.0,1000.0,10031216.0
1462,2021-10-05 06:05:00,21000.0,100.0,10030216.0
1463,2021-10-05 06:05:00,21000.0,1000.0,10030116.0
1464,2021-10-05 06:05:00,20900.0,600.0,10029116.0
1465,2021-10-05 06:05:00,21000.0,40.0,10028516.0
1466,2021-10-05 06:05:00,21000.0,10100.0,10028476.0
1467,2021-10-05 06:05:00,20900.0,100.0,10018376.0
1468,2021-10-05 06:05:00,20900.0,10000.0,10018276.0
1469,2021-10-05 06:04:00,20900.0,1400.0,10008276.0
1470,2021-10-05 06:04:00,20900.0,1000.0,10006876.0
1471,2021-10-05 06:04:00,21000.0,500.0,10005876.0
1472,2021-10-05 06:04:00,21000.0,100.0,10005376.0
1473,2021-10-05 06:04:00,21000.0,500.0,10005276.0
1474,2021-10-05 06:04:00,21000.0,100.0,10004776.0
1475,2021-10-05 06:03:00,21000.0,3000.0,10004676.0
1476,2021-10-05 06:03:00,21000.0,600.0,10001676.0
1477,2021-10-05 06:03:00,21000.0,100.0,10001076.0
1478,2021-10-05 06:03:00,21000.0,23.0,10000976.0
1479,2021-10-05 06:03:00,21000.0,10000.0,10000953.0
1480,2021-10-05 06:03:00,20900.0,200.0,9990953.0
1481,2021-10-05 06:02:00,20900.0,5000.0,9990753.0
1482,2021-10-05 06:02:00,21000.0,5000.0,9985753.0
1483,2021-10-05 06:02:00,20900.0,600.0,9980753.0
1484,2021-10-05 06:02:00,20900.0,1000.0,9980153.0
1485,2021-10-05 06:02:00,20900.0,300.0,9979153.0
1486,2021-10-05 06:02:00,20900.0,2000.0,9978853.0
1487,2021-10-05 06:01:00,20900.0,500.0,9976853.0
1488,2021-10-05 06:01:00,20900.0,6600.0,9976353.0
1489,2021-10-05 06:01:00,20900.0,2000.0,9969753.0
1490,2021-10-05 06:01:00,20900.0,2000.0,9967753.0
1491,2021-10-05 06:01:00,21000.0,500.0,9965753.0
1492,2021-10-05 06:01:00,21000.0,500.0,9965253.0
1493,2021-10-05 06:00:00,20900.0,4400.0,9964753.0
1494,2021-10-05 06:00:00,21000.0,4300.0,9960353.0
1495,2021-10-05 06:00:00,20900.0,200.0,9956053.0
1496,2021-10-05 06:00:00,20900.0,4800.0,9955853.0
1497,2021-10-05 06:00:00,20900.0,100.0,9951053.0
1498,2021-10-05 06:00:00,20900.0,3050.0,9950953.0
1499,2021-10-05 06:00:00,20900.0,2100.0,9947903.0
1500,2021-10-05 06:00:00,20900.0,800.0,9945803.0
1501,2021-10-05 06:00:00,20900.0,500.0,9945003.0
1502,2021-10-05 06:00:00,20900.0,1000.0,9944503.0
1503,2021-10-05 06:00:00,20900.0,2911.0,9943503.0
1504,2021-10-05 06:00:00,21000.0,2200.0,9940592.0
1505,2021-10-05 04:29:00,20900.0,1000.0,9938392.0
1506,2021-10-05 04:29:00,20900.0,100.0,9937392.0
1507,2021-10-05 04:29:00,20900.0,500.0,9937292.0
1508,2021-10-05 04:29:00,21000.0,300.0,9936792.0
1509,2021-10-05 04:29:00,20900.0,1000.0,9936492.0
1510,2021-10-05 04:29:00,21000.0,200.0,9935492.0
1511,2021-10-05 04:29:00,20900.0,3000.0,9935292.0
1512,2021-10-05 04:29:00,20900.0,1000.0,9932292.0
1513,2021-10-05 04:29:00,20900.0,300.0,9931292.0
1514,2021-10-05 04:29:00,20900.0,4000.0,9930992.0
1515,2021-10-05 04:28:00,20900.0,200.0,9926992.0
1516,2021-10-05 04:28:00,20900.0,1000.0,9926792.0
1517,2021-10-05 04:28:00,20900.0,1000.0,9925792.0
1518,2021-10-05 04:28:00,20900.0,3000.0,9924792.0
1519,2021-10-05 04:27:00,20900.0,6800.0,9921792.0
1520,2021-10-05 04:27:00,20900.0,4200.0,9914992.0
1521,2021-10-05 04:27:00,20900.0,600.0,9910792.0
1522,2021-10-05 04:27:00,20900.0,100.0,9910192.0
1523,2021-10-05 04:26:00,20900.0,500.0,9910092.0
1524,2021-10-05 04:26:00,20900.0,1200.0,9909592.0
1525,2021-10-05 04:26:00,20900.0,5000.0,9908392.0
1526,2021-10-05 04:26:00,20900.0,2000.0,9903392.0
1527,2021-10-05 04:26:00,20900.0,1000.0,9901392.0
1528,2021-10-05 04:25:00,20900.0,100.0,9900392.0
1529,2021-10-05 04:25:00,20900.0,1000.0,9900292.0
1530,2021-10-05 04:25:00,20900.0,800.0,9899292.0
1531,2021-10-05 04:25:00,20900.0,400.0,9898492.0
1532,2021-10-05 04:25:00,20900.0,500.0,9898092.0
1533,2021-10-05 04:25:00,20900.0,500.0,9897592.0
1534,2021-10-05 04:25:00,20900.0,800.0,9897092.0
1535,2021-10-05 04:24:00,20900.0,300.0,9896292.0
1536,2021-10-05 04:24:00,20900.0,100.0,9895992.0
1537,2021-10-05 04:24:00,20900.0,500.0,9895892.0
1538,2021-10-05 04:24:00,20900.0,2000.0,9895392.0
1539,2021-10-05 04:24:00,20900.0,1000.0,9893392.0
1540,2021-10-05 04:24:00,20900.0,100.0,9892392.0
1541,2021-10-05 04:24:00,20900.0,100.0,9892292.0
1542,2021-10-05 04:24:00,20900.0,500.0,9892192.0
1543,2021-10-05 04:24:00,21000.0,300.0,9891692.0
1544,2021-10-05 04:23:00,20900.0,10000.0,9891392.0
1545,2021-10-05 04:23:00,20900.0,5000.0,9881392.0
1546,2021-10-05 04:23:00,20900.0,500.0,9876392.0
1547,2021-10-05 04:23:00,20900.0,7000.0,9875892.0
1548,2021-10-05 04:23:00,20900.0,100.0,9868892.0
1549,2021-10-05 04:23:00,20900.0,81.0,9868792.0
1550,2021-10-05 04:22:00,20900.0,100.0,9868711.0
1551,2021-10-05 04:22:00,21000.0,100.0,9868611.0
1552,2021-10-05 04:22:00,20900.0,100.0,9868511.0
1553,2021-10-05 04:22:00,20900.0,5000.0,9868411.0
1554,2021-10-05 04:22:00,20900.0,10000.0,9863411.0
1555,2021-10-05 04:22:00,20900.0,400.0,9853411.0
1556,2021-10-05 04:22:00,20900.0,3000.0,9853011.0
1557,2021-10-05 04:22:00,20900.0,300.0,9850011.0
1558,2021-10-05 04:22:00,20900.0,2800.0,9849711.0
1559,2021-10-05 04:21:00,20900.0,2400.0,9846911.0
1560,2021-10-05 04:21:00,20900.0,5000.0,9844511.0
1561,2021-10-05 04:21:00,20900.0,2000.0,9839511.0
1562,2021-10-05 04:21:00,20900.0,500.0,9837511.0
1563,2021-10-05 04:21:00,20900.0,900.0,9837011.0
1564,2021-10-05 04:21:00,20900.0,4000.0,9836111.0
1565,2021-10-05 04:20:00,20900.0,1000.0,9832111.0
1566,2021-10-05 04:20:00,20900.0,2100.0,9831111.0
1567,2021-10-05 04:20:00,20900.0,1100.0,9829011.0
1568,2021-10-05 04:20:00,20900.0,500.0,9827911.0
1569,2021-10-05 04:20:00,20900.0,300.0,9827411.0
1570,2021-10-05 04:19:00,20900.0,400.0,9827111.0
1571,2021-10-05 04:19:00,20900.0,200.0,9826711.0
1572,2021-10-05 04:19:00,20900.0,1100.0,9826511.0
1573,2021-10-05 04:19:00,21000.0,1000.0,9825411.0
1574,2021-10-05 04:19:00,20900.0,1000.0,9824411.0
1575,2021-10-05 04:19:00,21000.0,200.0,9823411.0
1576,2021-10-05 04:19:00,21000.0,100.0,9823211.0
1577,2021-10-05 04:19:00,21000.0,400.0,9823111.0
1578,2021-10-05 04:18:00,21000.0,3000.0,9822711.0
1579,2021-10-05 04:18:00,20900.0,1000.0,9819711.0
1580,2021-10-05 04:18:00,20900.0,100.0,9818711.0
1581,2021-10-05 04:18:00,21000.0,2300.0,9818611.0
1582,2021-10-05 04:18:00,20900.0,300.0,9816311.0
1583,2021-10-05 04:18:00,20900.0,300.0,9816011.0
1584,2021-10-05 04:17:00,20900.0,100.0,9815711.0
1585,2021-10-05 04:17:00,20900.0,200.0,9815611.0
1586,2021-10-05 04:17:00,20900.0,200.0,9815411.0
1587,2021-10-05 04:17:00,20900.0,200.0,9815211.0
1588,2021-10-05 04:16:00,20900.0,1000.0,9815011.0
1589,2021-10-05 04:16:00,21000.0,5100.0,9814011.0
1590,2021-10-05 04:16:00,21000.0,1000.0,9808911.0
1591,2021-10-05 04:16:00,21000.0,2000.0,9807911.0
1592,2021-10-05 04:16:00,20900.0,200.0,9805911.0
1593,2021-10-05 04:15:00,20900.0,1000.0,9805711.0
1594,2021-10-05 04:15:00,20900.0,7000.0,9804711.0
1595,2021-10-05 04:15:00,20900.0,500.0,9797711.0
1596,2021-10-05 04:15:00,20900.0,500.0,9797211.0
1597,2021-10-05 04:15:00,20900.0,800.0,9796711.0
1598,2021-10-05 04:15:00,20900.0,200.0,9795911.0
1599,2021-10-05 04:15:00,20900.0,200.0,9795711.0
1600,2021-10-05 04:15:00,20900.0,5000.0,9795511.0
1601,2021-10-05 04:15:00,20900.0,300.0,9790511.0
1602,2021-10-05 04:15:00,20900.0,1500.0,9790211.0
1603,2021-10-05 04:14:00,20900.0,600.0,9788711.0
1604,2021-10-05 04:14:00,20900.0,2000.0,9788111.0
1605,2021-10-05 04:14:00,20900.0,2100.0,9786111.0
1606,2021-10-05 04:14:00,21000.0,100.0,9784011.0
1607,2021-10-05 04:13:00,20900.0,1000.0,9783911.0
1608,2021-10-05 04:13:00,20900.0,1000.0,9782911.0
1609,2021-10-05 04:13:00,20900.0,1000.0,9781911.0
1610,2021-10-05 04:12:00,20900.0,1500.0,9780911.0
1611,2021-10-05 04:12:00,21000.0,600.0,9779411.0
1612,2021-10-05 04:12:00,20900.0,300.0,9778811.0
1613,2021-10-05 04:12:00,20900.0,500.0,9778511.0
1614,2021-10-05 04:12:00,20900.0,2100.0,9778011.0
1615,2021-10-05 04:12:00,20900.0,1000.0,9775911.0
1616,2021-10-05 04:12:00,20900.0,3000.0,9774911.0
1617,2021-10-05 04:12:00,20900.0,3000.0,9771911.0
1618,2021-10-05 04:12:00,20900.0,1000.0,9768911.0
1619,2021-10-05 04:11:00,20900.0,200.0,9767911.0
1620,2021-10-05 04:11:00,20900.0,200.0,9767711.0
1621,2021-10-05 04:11:00,20900.0,10000.0,9767511.0
1622,2021-10-05 04:11:00,20900.0,3000.0,9757511.0
1623,2021-10-05 04:11:00,20900.0,200.0,9754511.0
1624,2021-10-05 04:11:00,20900.0,180.0,9754311.0
1625,2021-10-05 04:11:00,20900.0,900.0,9754131.0
1626,2021-10-05 04:11:00,20900.0,100.0,9753231.0
1627,2021-10-05 04:11:00,20900.0,3800.0,9753131.0
1628,2021-10-05 04:11:00,20900.0,200.0,9749331.0
1629,2021-10-05 04:11:00,21000.0,200.0,9749131.0
1630,2021-10-05 04:10:00,20900.0,500.0,9748931.0
1631,2021-10-05 04:10:00,20900.0,100.0,9748431.0
1632,2021-10-05 04:10:00,20900.0,6000.0,9748331.0
1633,2021-10-05 04:10:00,20900.0,500.0,9742331.0
1634,2021-10-05 04:10:00,20900.0,1000.0,9741831.0
1635,2021-10-05 04:10:00,20900.0,1000.0,9740831.0
1636,2021-10-05 04:10:00,21000.0,300.0,9739831.0
1637,2021-10-05 04:09:00,20900.0,100.0,9739531.0
1638,2021-10-05 04:09:00,20900.0,500.0,9739431.0
1639,2021-10-05 04:09:00,20900.0,1000.0,9738931.0
1640,2021-10-05 04:09:00,20900.0,4000.0,9737931.0
1641,2021-10-05 04:09:00,20900.0,100.0,9733931.0
1642,2021-10-05 04:09:00,20900.0,1000.0,9733831.0
1643,2021-10-05 04:09:00,20900.0,300.0,9732831.0
1644,2021-10-05 04:09:00,20900.0,1000.0,9732531.0
1645,2021-10-05 04:09:00,20900.0,500.0,9731531.0
1646,2021-10-05 04:08:00,20900.0,5000.0,9731031.0
1647,2021-10-05 04:08:00,20900.0,100.0,9726031.0
1648,2021-10-05 04:07:00,20900.0,100.0,9725931.0
1649,2021-10-05 04:07:00,20900.0,3000.0,9725831.0
1650,2021-10-05 04:07:00,20900.0,2000.0,9722831.0
1651,2021-10-05 04:07:00,20900.0,200.0,9720831.0
1652,2021-10-05 04:07:00,20900.0,500.0,9720631.0
1653,2021-10-05 04:07:00,20900.0,100.0,9720131.0
1654,2021-10-05 04:06:00,20900.0,400.0,9720031.0
1655,2021-10-05 04:06:00,20900.0,100.0,9719631.0
1656,2021-10-05 04:06:00,21000.0,100.0,9719531.0
1657,2021-10-05 04:06:00,20900.0,700.0,9719431.0
1658,2021-10-05 04:06:00,20900.0,1700.0,9718731.0
1659,2021-10-05 04:06:00,20900.0,300.0,9717031.0
1660,2021-10-05 04:06:00,20900.0,5500.0,9716731.0
1661,2021-10-05 04:06:00,20900.0,5000.0,9711231.0
1662,2021-10-05 04:05:00,20900.0,1500.0,9706231.0
1663,2021-10-05 04:05:00,21000.0,200.0,9704731.0
1664,2021-10-05 04:05:00,20900.0,16000.0,9704531.0
1665,2021-10-05 04:05:00,20900.0,200.0,9688531.0
1666,2021-10-05 04:05:00,21000.0,3000.0,9688331.0
1667,2021-10-05 04:05:00,20900.0,23300.0,9685331.0
1668,2021-10-05 04:05:00,20900.0,1000.0,9662031.0
1669,2021-10-05 04:05:00,20900.0,100.0,9661031.0
1670,2021-10-05 04:05:00,20900.0,1000.0,9660931.0
1671,2021-10-05 04:04:00,20900.0,300.0,9659931.0
1672,2021-10-05 04:04:00,20900.0,1500.0,9659631.0
1673,2021-10-05 04:04:00,20900.0,1000.0,9658131.0
1674,2021-10-05 04:04:00,20900.0,400.0,9657131.0
1675,2021-10-05 04:04:00,21000.0,1000.0,9656731.0
1676,2021-10-05 04:04:00,20900.0,8000.0,9655731.0
1677,2021-10-05 04:04:00,20900.0,200.0,9647731.0
1678,2021-10-05 04:04:00,20900.0,1500.0,9647531.0
1679,2021-10-05 04:04:00,20900.0,1000.0,9646031.0
1680,2021-10-05 04:04:00,20900.0,20.0,9645031.0
1681,2021-10-05 04:04:00,20900.0,370.0,9645011.0
1682,2021-10-05 04:03:00,21000.0,2000.0,9644641.0
1683,2021-10-05 04:03:00,20900.0,1000.0,9642641.0
1684,2021-10-05 04:03:00,21000.0,100.0,9641641.0
1685,2021-10-05 04:03:00,20900.0,200.0,9641541.0
1686,2021-10-05 04:03:00,20900.0,1700.0,9641341.0
1687,2021-10-05 04:03:00,20900.0,300.0,9639641.0
1688,2021-10-05 04:02:00,20900.0,1000.0,9639341.0
1689,2021-10-05 04:02:00,21000.0,100.0,9638341.0
1690,2021-10-05 04:02:00,20900.0,400.0,9638241.0
1691,2021-10-05 04:02:00,20900.0,1000.0,9637841.0
1692,2021-10-05 04:02:00,20900.0,900.0,9636841.0
1693,2021-10-05 04:01:00,20900.0,1000.0,9635941.0
1694,2021-10-05 04:01:00,20900.0,500.0,9634941.0
1695,2021-10-05 04:01:00,20900.0,100.0,9634441.0
1696,2021-10-05 04:01:00,20900.0,1000.0,9634341.0
1697,2021-10-05 04:01:00,20900.0,52000.0,9633341.0
1698,2021-10-05 04:00:00,20900.0,300.0,9581341.0
1699,2021-10-05 04:00:00,20900.0,1000.0,9581041.0
1700,2021-10-05 04:00:00,20900.0,200.0,9580041.0
1701,2021-10-05 04:00:00,21000.0,200.0,9579841.0
1702,2021-10-05 04:00:00,20900.0,100.0,9579641.0
1703,2021-10-05 04:00:00,20900.0,2300.0,9579541.0
1704,2021-10-05 04:00:00,20900.0,700.0,9577241.0
1705,2021-10-05 03:59:00,20900.0,1000.0,9576541.0
1706,2021-10-05 03:59:00,21000.0,3000.0,9575541.0
1707,2021-10-05 03:59:00,20900.0,1000.0,9572541.0
1708,2021-10-05 03:59:00,20900.0,10000.0,9571541.0
1709,2021-10-05 03:58:00,20900.0,26000.0,9561541.0
1710,2021-10-05 03:58:00,20900.0,700.0,9535541.0
1711,2021-10-05 03:58:00,20900.0,1000.0,9534841.0
1712,2021-10-05 03:58:00,21000.0,200.0,9533841.0
1713,2021-10-05 03:58:00,20900.0,5000.0,9533641.0
1714,2021-10-05 03:58:00,21000.0,1700.0,9528641.0
1715,2021-10-05 03:58:00,20900.0,1000.0,9526941.0
1716,2021-10-05 03:57:00,20900.0,100.0,9525941.0
1717,2021-10-05 03:57:00,20900.0,500.0,9525841.0
1718,2021-10-05 03:57:00,20900.0,7000.0,9525341.0
1719,2021-10-05 03:57:00,20900.0,500.0,9518341.0
1720,2021-10-05 03:57:00,20900.0,12500.0,9517841.0
1721,2021-10-05 03:57:00,20900.0,100.0,9505341.0
1722,2021-10-05 03:57:00,20900.0,11800.0,9505241.0
1723,2021-10-05 03:57:00,20900.0,400.0,9493441.0
1724,2021-10-05 03:57:00,20900.0,3000.0,9493041.0
1725,2021-10-05 03:57:00,20900.0,100.0,9490041.0
1726,2021-10-05 03:57:00,20800.0,1300.0,9489941.0
1727,2021-10-05 03:57:00,20900.0,1000.0,9488641.0
1728,2021-10-05 03:56:00,20900.0,2500.0,9487641.0
1729,2021-10-05 03:56:00,20900.0,500.0,9485141.0
1730,2021-10-05 03:56:00,20800.0,7000.0,9484641.0
1731,2021-10-05 03:56:00,20900.0,200.0,9477641.0
1732,2021-10-05 03:56:00,20900.0,2600.0,9477441.0
1733,2021-10-05 03:56:00,20900.0,1200.0,9474841.0
1734,2021-10-05 03:56:00,20900.0,200.0,9473641.0
1735,2021-10-05 03:56:00,20900.0,33700.0,9473441.0
1736,2021-10-05 03:56:00,20900.0,10000.0,9439741.0
1737,2021-10-05 03:56:00,20900.0,10000.0,9429741.0
1738,2021-10-05 03:56:00,20900.0,100000.0,9419741.0
1739,2021-10-05 03:56:00,20800.0,600.0,9319741.0
1740,2021-10-05 03:56:00,20900.0,3000.0,9319141.0
1741,2021-10-05 03:56:00,20900.0,2200.0,9316141.0
1742,2021-10-05 03:56:00,20800.0,3000.0,9313941.0
1743,2021-10-05 03:56:00,20900.0,10000.0,9310941.0
1744,2021-10-05 03:56:00,20900.0,4700.0,9300941.0
1745,2021-10-05 03:56:00,20900.0,50000.0,9296241.0
1746,2021-10-05 03:56:00,20900.0,400.0,9246241.0
1747,2021-10-05 03:55:00,20900.0,100.0,9245841.0
1748,2021-10-05 03:55:00,20900.0,1000.0,9245741.0
1749,2021-10-05 03:55:00,20800.0,100.0,9244741.0
1750,2021-10-05 03:55:00,20800.0,1300.0,9244641.0
1751,2021-10-05 03:55:00,20800.0,5400.0,9243341.0
1752,2021-10-05 03:55:00,20800.0,100.0,9237941.0
1753,2021-10-05 03:55:00,20800.0,500.0,9237841.0
1754,2021-10-05 03:54:00,20800.0,500.0,9237341.0
1755,2021-10-05 03:54:00,20800.0,4800.0,9236841.0
1756,2021-10-05 03:54:00,20900.0,100.0,9232041.0
1757,2021-10-05 03:54:00,20900.0,500.0,9231941.0
1758,2021-10-05 03:54:00,20900.0,700.0,9231441.0
1759,2021-10-05 03:54:00,20800.0,2800.0,9230741.0
1760,2021-10-05 03:54:00,20900.0,10000.0,9227941.0
1761,2021-10-05 03:54:00,20900.0,600.0,9217941.0
1762,2021-10-05 03:54:00,20800.0,100.0,9217341.0
1763,2021-10-05 03:53:00,20900.0,1000.0,9217241.0
1764,2021-10-05 03:53:00,20900.0,15000.0,9216241.0
1765,2021-10-05 03:53:00,20900.0,200.0,9201241.0
1766,2021-10-05 03:53:00,20900.0,100.0,9201041.0
1767,2021-10-05 03:53:00,20800.0,1000.0,9200941.0
1768,2021-10-05 03:53:00,20900.0,1000.0,9199941.0
1769,2021-10-05 03:52:00,20900.0,100.0,9198941.0
1770,2021-10-05 03:52:00,20900.0,200.0,9198841.0
1771,2021-10-05 03:52:00,20900.0,100.0,9198641.0
1772,2021-10-05 03:52:00,20900.0,10300.0,9198541.0
1773,2021-10-05 03:52:00,20900.0,700.0,9188241.0
1774,2021-10-05 03:52:00,20900.0,1000.0,9187541.0
1775,2021-10-05 03:52:00,20800.0,100.0,9186541.0
1776,2021-10-05 03:52:00,20900.0,3300.0,9186441.0
1777,2021-10-05 03:52:00,20900.0,100.0,9183141.0
1778,2021-10-05 03:52:00,20900.0,300.0,9183041.0
1779,2021-10-05 03:52:00,20900.0,1000.0,9182741.0
1780,2021-10-05 03:52:00,20900.0,2000.0,9181741.0
1781,2021-10-05 03:51:00,20900.0,30000.0,9179741.0
1782,2021-10-05 03:51:00,20900.0,10000.0,9149741.0
1783,2021-10-05 03:51:00,20900.0,5000.0,9139741.0
1784,2021-10-05 03:51:00,20900.0,100.0,9134741.0
1785,2021-10-05 03:51:00,20900.0,200.0,9134641.0
1786,2021-10-05 03:51:00,20900.0,5000.0,9134441.0
1787,2021-10-05 03:51:00,20900.0,5000.0,9129441.0
1788,2021-10-05 03:50:00,20800.0,2100.0,9124441.0
1789,2021-10-05 03:50:00,20900.0,3700.0,9122341.0
1790,2021-10-05 03:50:00,20800.0,100.0,9118641.0
1791,2021-10-05 03:50:00,20900.0,200.0,9118541.0
1792,2021-10-05 03:50:00,20800.0,20000.0,9118341.0
1793,2021-10-05 03:50:00,20900.0,400.0,9098341.0
1794,2021-10-05 03:50:00,20900.0,3000.0,9097941.0
1795,2021-10-05 03:49:00,20800.0,500.0,9094941.0
1796,2021-10-05 03:49:00,20900.0,1500.0,9094441.0
1797,2021-10-05 03:49:00,20900.0,500.0,9092941.0
1798,2021-10-05 03:49:00,20900.0,500.0,9092441.0
1799,2021-10-05 03:49:00,20800.0,1000.0,9091941.0
1800,2021-10-05 03:49:00,20900.0,5000.0,9090941.0
1801,2021-10-05 03:49:00,20900.0,300.0,9085941.0
1802,2021-10-05 03:49:00,20900.0,600.0,9085641.0
1803,2021-10-05 03:49:00,20900.0,100.0,9085041.0
1804,2021-10-05 03:48:00,20800.0,1000.0,9084941.0
1805,2021-10-05 03:48:00,20900.0,12000.0,9083941.0
1806,2021-10-05 03:48:00,20800.0,30000.0,9071941.0
1807,2021-10-05 03:48:00,20900.0,5500.0,9041941.0
1808,2021-10-05 03:48:00,20800.0,300.0,9036441.0
1809,2021-10-05 03:48:00,20800.0,200.0,9036141.0
1810,2021-10-05 03:48:00,20900.0,2400.0,9035941.0
1811,2021-10-05 03:48:00,20900.0,300.0,9033541.0
1812,2021-10-05 03:47:00,20900.0,3000.0,9033241.0
1813,2021-10-05 03:47:00,20800.0,100.0,9030241.0
1814,2021-10-05 03:47:00,20900.0,8000.0,9030141.0
1815,2021-10-05 03:47:00,20800.0,400.0,9022141.0
1816,2021-10-05 03:47:00,20800.0,200.0,9021741.0
1817,2021-10-05 03:47:00,20800.0,7400.0,9021541.0
1818,2021-10-05 03:47:00,20800.0,100.0,9014141.0
1819,2021-10-05 03:47:00,20800.0,30.0,9014041.0
1820,2021-10-05 03:47:00,20800.0,5000.0,9014011.0
1821,2021-10-05 03:46:00,20800.0,100.0,9009011.0
1822,2021-10-05 03:46:00,20800.0,500.0,9008911.0
1823,2021-10-05 03:46:00,20800.0,100.0,9008411.0
1824,2021-10-05 03:46:00,20800.0,200.0,9008311.0
1825,2021-10-05 03:46:00,20800.0,3500.0,9008111.0
1826,2021-10-05 03:46:00,20800.0,1400.0,9004611.0
1827,2021-10-05 03:46:00,20800.0,2500.0,9003211.0
1828,2021-10-05 03:46:00,20800.0,900.0,9000711.0
1829,2021-10-05 03:46:00,20800.0,200.0,8999811.0
1830,2021-10-05 03:45:00,20800.0,6200.0,8999611.0
1831,2021-10-05 03:45:00,20800.0,700.0,8993411.0
1832,2021-10-05 03:45:00,20800.0,500.0,8992711.0
1833,2021-10-05 03:45:00,20800.0,25400.0,8992211.0
1834,2021-10-05 03:45:00,20800.0,500.0,8966811.0
1835,2021-10-05 03:45:00,20800.0,500.0,8966311.0
1836,2021-10-05 03:45:00,20800.0,400.0,8965811.0
1837,2021-10-05 03:45:00,20800.0,6000.0,8965411.0
1838,2021-10-05 03:45:00,20800.0,3000.0,8959411.0
1839,2021-10-05 03:45:00,20800.0,1000.0,8956411.0
1840,2021-10-05 03:45:00,20800.0,32000.0,8955411.0
1841,2021-10-05 03:45:00,20800.0,30000.0,8923411.0
1842,2021-10-05 03:45:00,20800.0,10000.0,8893411.0
1843,2021-10-05 03:45:00,20800.0,2300.0,8883411.0
1844,2021-10-05 03:45:00,20800.0,50000.0,8881111.0
1845,2021-10-05 03:45:00,20800.0,20000.0,8831111.0
1846,2021-10-05 03:45:00,20700.0,500.0,8811111.0
1847,2021-10-05 03:45:00,20800.0,2800.0,8810611.0
1848,2021-10-05 03:45:00,20800.0,2000.0,8807811.0
1849,2021-10-05 03:45:00,20700.0,4000.0,8805811.0
1850,2021-10-05 03:45:00,20700.0,200.0,8801811.0
1851,2021-10-05 03:45:00,20700.0,1000.0,8801611.0
1852,2021-10-05 03:45:00,20700.0,2600.0,8800611.0
1853,2021-10-05 03:45:00,20700.0,100.0,8798011.0
1854,2021-10-05 03:45:00,20800.0,20000.0,8797911.0
1855,2021-10-05 03:44:00,20700.0,2500.0,8777911.0
1856,2021-10-05 03:44:00,20800.0,10000.0,8775411.0
1857,2021-10-05 03:44:00,20800.0,500.0,8765411.0
1858,2021-10-05 03:44:00,20700.0,2100.0,8764911.0
1859,2021-10-05 03:44:00,20700.0,100.0,8762811.0
1860,2021-10-05 03:44:00,20700.0,5200.0,8762711.0
1861,2021-10-05 03:44:00,20700.0,5000.0,8757511.0
1862,2021-10-05 03:44:00,20700.0,23000.0,8752511.0
1863,2021-10-05 03:44:00,20700.0,200.0,8729511.0
1864,2021-10-05 03:44:00,20700.0,600.0,8729311.0
1865,2021-10-05 03:44:00,20700.0,1700.0,8728711.0
1866,2021-10-05 03:44:00,20700.0,1000.0,8727011.0
1867,2021-10-05 03:44:00,20700.0,200.0,8726011.0
1868,2021-10-05 03:44:00,20800.0,2000.0,8725811.0
1869,2021-10-05 03:44:00,20700.0,5000.0,8723811.0
1870,2021-10-05 03:43:00,20700.0,100.0,8718811.0
1871,2021-10-05 03:43:00,20700.0,400.0,8718711.0
1872,2021-10-05 03:43:00,20700.0,10000.0,8718311.0
1873,2021-10-05 03:43:00,20700.0,100.0,8708311.0
1874,2021-10-05 03:43:00,20700.0,700.0,8708211.0
1875,2021-10-05 03:43:00,20800.0,5000.0,8707511.0
1876,2021-10-05 03:43:00,20700.0,1000.0,8702511.0
1877,2021-10-05 03:43:00,20700.0,1000.0,8701511.0
1878,2021-10-05 03:43:00,20700.0,2100.0,8700511.0
1879,2021-10-05 03:42:00,20700.0,2100.0,8698411.0
1880,2021-10-05 03:42:00,20700.0,1000.0,8696311.0
1881,2021-10-05 03:42:00,20700.0,700.0,8695311.0
1882,2021-10-05 03:42:00,20700.0,500.0,8694611.0
1883,2021-10-05 03:42:00,20800.0,700.0,8694111.0
1884,2021-10-05 03:42:00,20700.0,1000.0,8693411.0
1885,2021-10-05 03:42:00,20700.0,2000.0,8692411.0
1886,2021-10-05 03:42:00,20700.0,1300.0,8690411.0
1887,2021-10-05 03:42:00,20700.0,2100.0,8689111.0
1888,2021-10-05 03:42:00,20700.0,200.0,8687011.0
1889,2021-10-05 03:42:00,20700.0,40500.0,8686811.0
1890,2021-10-05 03:42:00,20700.0,500.0,8646311.0
1891,2021-10-05 03:42:00,20700.0,2000.0,8645811.0
1892,2021-10-05 03:42:00,20700.0,200.0,8643811.0
1893,2021-10-05 03:42:00,20700.0,500.0,8643611.0
1894,2021-10-05 03:42:00,20700.0,5100.0,8643111.0
1895,2021-10-05 03:42:00,20700.0,100.0,8638011.0
1896,2021-10-05 03:42:00,20700.0,100.0,8637911.0
1897,2021-10-05 03:42:00,20700.0,5500.0,8637811.0
1898,2021-10-05 03:41:00,20700.0,100.0,8632311.0
1899,2021-10-05 03:41:00,20700.0,1800.0,8632211.0
1900,2021-10-05 03:41:00,20700.0,1000.0,8630411.0
1901,2021-10-05 03:41:00,20700.0,1000.0,8629411.0
1902,2021-10-05 03:41:00,20700.0,1000.0,8628411.0
1903,2021-10-05 03:41:00,20700.0,1000.0,8627411.0
1904,2021-10-05 03:41:00,20800.0,1000.0,8626411.0
1905,2021-10-05 03:41:00,20700.0,8000.0,8625411.0
1906,2021-10-05 03:41:00,20700.0,600.0,8617411.0
1907,2021-10-05 03:41:00,20800.0,5000.0,8616811.0
1908,2021-10-05 03:41:00,20800.0,10000.0,8611811.0
1909,2021-10-05 03:41:00,20800.0,500.0,8601811.0
1910,2021-10-05 03:40:00,20800.0,100.0,8601311.0
1911,2021-10-05 03:40:00,20800.0,300.0,8601211.0
1912,2021-10-05 03:40:00,20800.0,100.0,8600911.0
1913,2021-10-05 03:40:00,20800.0,500.0,8600811.0
1914,2021-10-05 03:40:00,20800.0,9700.0,8600311.0
1915,2021-10-05 03:40:00,20800.0,11000.0,8590611.0
1916,2021-10-05 03:40:00,20800.0,3000.0,8579611.0
1917,2021-10-05 03:40:00,20800.0,2800.0,8576611.0
1918,2021-10-05 03:40:00,20800.0,100.0,8573811.0
1919,2021-10-05 03:40:00,20800.0,1000.0,8573711.0
1920,2021-10-05 03:40:00,20800.0,2000.0,8572711.0
1921,2021-10-05 03:40:00,20800.0,1000.0,8570711.0
1922,2021-10-05 03:40:00,20800.0,2500.0,8569711.0
1923,2021-10-05 03:40:00,20800.0,10000.0,8567211.0
1924,2021-10-05 03:40:00,20800.0,500.0,8557211.0
1925,2021-10-05 03:40:00,20800.0,5000.0,8556711.0
1926,2021-10-05 03:40:00,20800.0,150000.0,8551711.0
1927,2021-10-05 03:39:00,20900.0,1500.0,8401711.0
1928,2021-10-05 03:39:00,20900.0,100.0,8400211.0
1929,2021-10-05 03:39:00,20900.0,200.0,8400111.0
1930,2021-10-05 03:39:00,20800.0,130000.0,8399911.0
1931,2021-10-05 03:39:00,20900.0,100.0,8269911.0
1932,2021-10-05 03:39:00,20900.0,100.0,8269811.0
1933,2021-10-05 03:39:00,20900.0,500.0,8269711.0
1934,2021-10-05 03:39:00,20900.0,2500.0,8269211.0
1935,2021-10-05 03:39:00,20900.0,600.0,8266711.0
1936,2021-10-05 03:39:00,20900.0,500.0,8266111.0
1937,2021-10-05 03:39:00,20900.0,3000.0,8265611.0
1938,2021-10-05 03:38:00,20900.0,200.0,8262611.0
1939,2021-10-05 03:38:00,20900.0,500.0,8262411.0
1940,2021-10-05 03:38:00,20800.0,500.0,8261911.0
1941,2021-10-05 03:38:00,20900.0,600.0,8261411.0
1942,2021-10-05 03:38:00,20900.0,3000.0,8260811.0
1943,2021-10-05 03:38:00,20900.0,2600.0,8257811.0
1944,2021-10-05 03:37:00,20900.0,2000.0,8255211.0
1945,2021-10-05 03:37:00,20900.0,5000.0,8253211.0
1946,2021-10-05 03:37:00,20900.0,1000.0,8248211.0
1947,2021-10-05 03:37:00,20900.0,200.0,8247211.0
1948,2021-10-05 03:37:00,20800.0,200.0,8247011.0
1949,2021-10-05 03:37:00,20900.0,100.0,8246811.0
1950,2021-10-05 03:37:00,20800.0,600.0,8246711.0
1951,2021-10-05 03:37:00,20900.0,100.0,8246111.0
1952,2021-10-05 03:37:00,20800.0,100.0,8246011.0
1953,2021-10-05 03:37:00,20800.0,900.0,8245911.0
1954,2021-10-05 03:37:00,20800.0,100.0,8245011.0
1955,2021-10-05 03:36:00,20800.0,10.0,8244911.0
1956,2021-10-05 03:36:00,20800.0,10000.0,8244901.0
1957,2021-10-05 03:36:00,20800.0,1000.0,8234901.0
1958,2021-10-05 03:36:00,20800.0,100.0,8233901.0
1959,2021-10-05 03:36:00,20800.0,600.0,8233801.0
1960,2021-10-05 03:36:00,20800.0,500.0,8233201.0
1961,2021-10-05 03:36:00,20800.0,500.0,8232701.0
1962,2021-10-05 03:36:00,20800.0,9800.0,8232201.0
1963,2021-10-05 03:36:00,20800.0,300.0,8222401.0
1964,2021-10-05 03:36:00,20800.0,100.0,8222101.0
1965,2021-10-05 03:36:00,20800.0,1000.0,8222001.0
1966,2021-10-05 03:36:00,20800.0,1000.0,8221001.0
1967,2021-10-05 03:36:00,20800.0,500.0,8220001.0
1968,2021-10-05 03:36:00,20900.0,500.0,8219501.0
1969,2021-10-05 03:36:00,20900.0,7100.0,8219001.0
1970,2021-10-05 03:35:00,20800.0,5000.0,8211901.0
1971,2021-10-05 03:35:00,20900.0,2100.0,8206901.0
1972,2021-10-05 03:35:00,20900.0,2800.0,8204801.0
1973,2021-10-05 03:35:00,20900.0,2500.0,8202001.0
1974,2021-10-05 03:35:00,20900.0,200.0,8199501.0
1975,2021-10-05 03:35:00,20800.0,1000.0,8199301.0
1976,2021-10-05 03:35:00,20800.0,1500.0,8198301.0
1977,2021-10-05 03:35:00,20800.0,400.0,8196801.0
1978,2021-10-05 03:35:00,20800.0,2000.0,8196401.0
1979,2021-10-05 03:35:00,20800.0,1.0,8194401.0
1980,2021-10-05 03:35:00,20800.0,100.0,8194400.0
1981,2021-10-05 03:34:00,20900.0,100.0,8194300.0
1982,2021-10-05 03:34:00,20800.0,6000.0,8194200.0
1983,2021-10-05 03:34:00,20800.0,1900.0,8188200.0
1984,2021-10-05 03:34:00,20800.0,1000.0,8186300.0
1985,2021-10-05 03:34:00,20800.0,5000.0,8185300.0
1986,2021-10-05 03:34:00,20800.0,200.0,8180300.0
1987,2021-10-05 03:34:00,20800.0,200.0,8180100.0
1988,2021-10-05 03:34:00,20800.0,8000.0,8179900.0
1989,2021-10-05 03:34:00,20900.0,200.0,8171900.0
1990,2021-10-05 03:34:00,20800.0,300.0,8171700.0
1991,2021-10-05 03:34:00,20800.0,18400.0,8171400.0
1992,2021-10-05 03:34:00,20800.0,100.0,8153000.0
1993,2021-10-05 03:34:00,20900.0,500.0,8152900.0
1994,2021-10-05 03:34:00,20800.0,2200.0,8152400.0
1995,2021-10-05 03:34:00,20800.0,25000.0,8150200.0
1996,2021-10-05 03:34:00,20800.0,3100.0,8125200.0
1997,2021-10-05 03:34:00,20800.0,200.0,8122100.0
1998,2021-10-05 03:34:00,20800.0,2000.0,8121900.0
1999,2021-10-05 03:33:00,20800.0,300.0,8119900.0
2000,2021-10-05 03:33:00,20800.0,200.0,8119600.0
2001,2021-10-05 03:33:00,20800.0,100.0,8119400.0
2002,2021-10-05 03:33:00,20900.0,1000.0,8119300.0
2003,2021-10-05 03:33:00,20800.0,200.0,8118300.0
2004,2021-10-05 03:32:00,20900.0,800.0,8118100.0
2005,2021-10-05 03:32:00,20800.0,10000.0,8117300.0
2006,2021-10-05 03:32:00,20800.0,200.0,8107300.0
2007,2021-10-05 03:32:00,20800.0,10000.0,8107100.0
2008,2021-10-05 03:32:00,20900.0,2000.0,8097100.0
2009,2021-10-05 03:32:00,20800.0,1000.0,8095100.0
2010,2021-10-05 03:32:00,20800.0,200.0,8094100.0
2011,2021-10-05 03:32:00,20800.0,600.0,8093900.0
2012,2021-10-05 03:32:00,20800.0,600.0,8093300.0
2013,2021-10-05 03:32:00,20800.0,500.0,8092700.0
2014,2021-10-05 03:32:00,20800.0,600.0,8092200.0
2015,2021-10-05 03:32:00,20800.0,10000.0,8091600.0
2016,2021-10-05 03:31:00,20800.0,500.0,8081600.0
2017,2021-10-05 03:31:00,20900.0,49.0,8081100.0
2018,2021-10-05 03:31:00,20900.0,1000.0,8081051.0
2019,2021-10-05 03:31:00,20900.0,1000.0,8080051.0
2020,2021-10-05 03:31:00,20800.0,100.0,8079051.0
2021,2021-10-05 03:31:00,20800.0,200.0,8078951.0
2022,2021-10-05 03:31:00,20900.0,2000.0,8078751.0
2023,2021-10-05 03:31:00,20800.0,5100.0,8076751.0
2024,2021-10-05 03:31:00,20900.0,100.0,8071651.0
2025,2021-10-05 03:30:00,20900.0,1000.0,8071551.0
2026,2021-10-05 03:30:00,20800.0,200.0,8070551.0
2027,2021-10-05 03:30:00,20900.0,1000.0,8070351.0
2028,2021-10-05 03:30:00,20800.0,100.0,8069351.0
2029,2021-10-05 03:30:00,20800.0,3400.0,8069251.0
2030,2021-10-05 03:30:00,20800.0,1500.0,8065851.0
2031,2021-10-05 03:30:00,20900.0,7000.0,8064351.0
2032,2021-10-05 03:30:00,20800.0,500.0,8057351.0
2033,2021-10-05 03:30:00,20900.0,6000.0,8056851.0
2034,2021-10-05 03:30:00,20800.0,2000.0,8050851.0
2035,2021-10-05 03:30:00,20800.0,500.0,8048851.0
2036,2021-10-05 03:30:00,20900.0,100.0,8048351.0
2037,2021-10-05 03:29:00,20900.0,500.0,8048251.0
2038,2021-10-05 03:29:00,20800.0,500.0,8047751.0
2039,2021-10-05 03:29:00,20800.0,4900.0,8047251.0
2040,2021-10-05 03:29:00,20800.0,2000.0,8042351.0
2041,2021-10-05 03:29:00,20800.0,6000.0,8040351.0
2042,2021-10-05 03:29:00,20800.0,500.0,8034351.0
2043,2021-10-05 03:29:00,20800.0,1000.0,8033851.0
2044,2021-10-05 03:29:00,20800.0,3200.0,8032851.0
2045,2021-10-05 03:29:00,20800.0,200.0,8029651.0
2046,2021-10-05 03:29:00,20800.0,1000.0,8029451.0
2047,2021-10-05 03:29:00,20800.0,300.0,8028451.0
2048,2021-10-05 03:29:00,20800.0,200.0,8028151.0
2049,2021-10-05 03:29:00,20800.0,100.0,8027951.0
2050,2021-10-05 03:28:00,20800.0,900.0,8027851.0
2051,2021-10-05 03:28:00,20900.0,1000.0,8026951.0
2052,2021-10-05 03:28:00,20900.0,100.0,8025951.0
2053,2021-10-05 03:28:00,20800.0,100.0,8025851.0
2054,2021-10-05 03:27:00,20900.0,2800.0,8025751.0
2055,2021-10-05 03:27:00,20900.0,500.0,8022951.0
2056,2021-10-05 03:27:00,20900.0,500.0,8022451.0
2057,2021-10-05 03:27:00,20900.0,100.0,8021951.0
2058,2021-10-05 03:27:00,20800.0,200.0,8021851.0
2059,2021-10-05 03:27:00,20800.0,3400.0,8021651.0
2060,2021-10-05 03:27:00,20900.0,900.0,8018251.0
2061,2021-10-05 03:27:00,20800.0,500.0,8017351.0
2062,2021-10-05 03:27:00,20800.0,1000.0,8016851.0
2063,2021-10-05 03:26:00,20900.0,5000.0,8015851.0
2064,2021-10-05 03:26:00,20800.0,400.0,8010851.0
2065,2021-10-05 03:26:00,20800.0,1000.0,8010451.0
2066,2021-10-05 03:26:00,20800.0,2500.0,8009451.0
2067,2021-10-05 03:26:00,20800.0,3000.0,8006951.0
2068,2021-10-05 03:26:00,20800.0,15000.0,8003951.0
2069,2021-10-05 03:26:00,20800.0,200.0,7988951.0
2070,2021-10-05 03:26:00,20800.0,14000.0,7988751.0
2071,2021-10-05 03:26:00,20900.0,1000.0,7974751.0
2072,2021-10-05 03:26:00,20900.0,100.0,7973751.0
2073,2021-10-05 03:26:00,20900.0,1000.0,7973651.0
2074,2021-10-05 03:26:00,20800.0,5000.0,7972651.0
2075,2021-10-05 03:26:00,20900.0,100.0,7967651.0
2076,2021-10-05 03:25:00,20900.0,300.0,7967551.0
2077,2021-10-05 03:25:00,20800.0,100.0,7967251.0
2078,2021-10-05 03:25:00,20900.0,100.0,7967151.0
2079,2021-10-05 03:25:00,20900.0,1100.0,7967051.0
2080,2021-10-05 03:25:00,20900.0,700.0,7965951.0
2081,2021-10-05 03:25:00,20900.0,3700.0,7965251.0
2082,2021-10-05 03:25:00,20900.0,100.0,7961551.0
2083,2021-10-05 03:25:00,20900.0,600.0,7961451.0
2084,2021-10-05 03:25:00,20900.0,2700.0,7960851.0
2085,2021-10-05 03:25:00,20900.0,1000.0,7958151.0
2086,2021-10-05 03:25:00,20900.0,100.0,7957151.0
2087,2021-10-05 03:25:00,20900.0,15200.0,7957051.0
2088,2021-10-05 03:25:00,20900.0,15000.0,7941851.0
2089,2021-10-05 03:25:00,20900.0,5000.0,7926851.0
2090,2021-10-05 03:25:00,20900.0,9000.0,7921851.0
2091,2021-10-05 03:25:00,20900.0,10000.0,7912851.0
2092,2021-10-05 03:24:00,20900.0,100.0,7902851.0
2093,2021-10-05 03:24:00,20900.0,4100.0,7902751.0
2094,2021-10-05 03:24:00,20900.0,200.0,7898651.0
2095,2021-10-05 03:24:00,20900.0,500.0,7898451.0
2096,2021-10-05 03:24:00,20900.0,800.0,7897951.0
2097,2021-10-05 03:24:00,20900.0,4700.0,7897151.0
2098,2021-10-05 03:24:00,20900.0,1000.0,7892451.0
2099,2021-10-05 03:24:00,20900.0,10000.0,7891451.0
2100,2021-10-05 03:24:00,21000.0,500.0,7881451.0
2101,2021-10-05 03:24:00,20900.0,1000.0,7880951.0
2102,2021-10-05 03:24:00,20900.0,13900.0,7879951.0
2103,2021-10-05 03:24:00,20900.0,500.0,7866051.0
2104,2021-10-05 03:24:00,20900.0,100.0,7865551.0
2105,2021-10-05 03:24:00,20900.0,3000.0,7865451.0
2106,2021-10-05 03:24:00,20900.0,500.0,7862451.0
2107,2021-10-05 03:24:00,20900.0,1300.0,7861951.0
2108,2021-10-05 03:24:00,20900.0,1000.0,7860651.0
2109,2021-10-05 03:24:00,20900.0,10000.0,7859651.0
2110,2021-10-05 03:24:00,20900.0,500.0,7849651.0
2111,2021-10-05 03:24:00,20900.0,2000.0,7849151.0
2112,2021-10-05 03:24:00,20900.0,300.0,7847151.0
2113,2021-10-05 03:24:00,20900.0,4000.0,7846851.0
2114,2021-10-05 03:24:00,20900.0,4100.0,7842851.0
2115,2021-10-05 03:24:00,20900.0,100.0,7838751.0
2116,2021-10-05 03:24:00,21000.0,10000.0,7838651.0
2117,2021-10-05 03:24:00,20900.0,300.0,7828651.0
2118,2021-10-05 03:23:00,20900.0,51000.0,7828351.0
2119,2021-10-05 03:23:00,21000.0,500.0,7777351.0
2120,2021-10-05 03:23:00,20900.0,45700.0,7776851.0
2121,2021-10-05 03:23:00,20900.0,5000.0,7731151.0
2122,2021-10-05 03:23:00,20900.0,6200.0,7726151.0
2123,2021-10-05 03:23:00,21000.0,100.0,7719951.0
2124,2021-10-05 03:23:00,20900.0,8800.0,7719851.0
2125,2021-10-05 03:23:00,20900.0,200.0,7711051.0
2126,2021-10-05 03:23:00,20900.0,100000.0,7710851.0
2127,2021-10-05 03:23:00,20900.0,900.0,7610851.0
2128,2021-10-05 03:23:00,20900.0,200.0,7609951.0
2129,2021-10-05 03:23:00,20900.0,200.0,7609751.0
2130,2021-10-05 03:23:00,20900.0,1500.0,7609551.0
2131,2021-10-05 03:23:00,21000.0,1000.0,7608051.0
2132,2021-10-05 03:23:00,20900.0,100.0,7607051.0
2133,2021-10-05 03:23:00,20900.0,100.0,7606951.0
2134,2021-10-05 03:23:00,20900.0,4000.0,7606851.0
2135,2021-10-05 03:23:00,20900.0,50.0,7602851.0
2136,2021-10-05 03:23:00,20900.0,200.0,7602801.0
2137,2021-10-05 03:22:00,20900.0,400.0,7602601.0
2138,2021-10-05 03:22:00,20900.0,73100.0,7602201.0
2139,2021-10-05 03:22:00,20900.0,9200.0,7529101.0
2140,2021-10-05 03:22:00,21000.0,1000.0,7519901.0
2141,2021-10-05 03:22:00,20900.0,1000.0,7518901.0
2142,2021-10-05 03:22:00,20900.0,500.0,7517901.0
2143,2021-10-05 03:22:00,20900.0,100.0,7517401.0
2144,2021-10-05 03:22:00,21000.0,5000.0,7517301.0
2145,2021-10-05 03:21:00,21000.0,3000.0,7512301.0
2146,2021-10-05 03:21:00,20900.0,5000.0,7509301.0
2147,2021-10-05 03:21:00,20900.0,500.0,7504301.0
2148,2021-10-05 03:21:00,20900.0,3300.0,7503801.0
2149,2021-10-05 03:21:00,20900.0,400.0,7500501.0
2150,2021-10-05 03:21:00,21000.0,200.0,7500101.0
2151,2021-10-05 03:21:00,20900.0,400.0,7499901.0
2152,2021-10-05 03:21:00,20900.0,1200.0,7499501.0
2153,2021-10-05 03:20:00,20900.0,2000.0,7498301.0
2154,2021-10-05 03:20:00,20900.0,200.0,7496301.0
2155,2021-10-05 03:20:00,20900.0,300.0,7496101.0
2156,2021-10-05 03:20:00,20900.0,1700.0,7495801.0
2157,2021-10-05 03:20:00,20900.0,100.0,7494101.0
2158,2021-10-05 03:20:00,20900.0,2000.0,7494001.0
2159,2021-10-05 03:20:00,20900.0,2000.0,7492001.0
2160,2021-10-05 03:20:00,20900.0,500.0,7490001.0
2161,2021-10-05 03:20:00,20900.0,1000.0,7489501.0
2162,2021-10-05 03:20:00,20900.0,5000.0,7488501.0
2163,2021-10-05 03:20:00,20900.0,10000.0,7483501.0
2164,2021-10-05 03:20:00,20900.0,400.0,7473501.0
2165,2021-10-05 03:19:00,20900.0,5000.0,7473101.0
2166,2021-10-05 03:19:00,21000.0,300.0,7468101.0
2167,2021-10-05 03:19:00,20900.0,500.0,7467801.0
2168,2021-10-05 03:19:00,20900.0,10000.0,7467301.0
2169,2021-10-05 03:19:00,20900.0,200.0,7457301.0
2170,2021-10-05 03:19:00,20900.0,500.0,7457101.0
2171,2021-10-05 03:19:00,20900.0,1000.0,7456601.0
2172,2021-10-05 03:19:00,20900.0,1000.0,7455601.0
2173,2021-10-05 03:19:00,20900.0,1000.0,7454601.0
2174,2021-10-05 03:19:00,21000.0,2000.0,7453601.0
2175,2021-10-05 03:19:00,20900.0,3000.0,7451601.0
2176,2021-10-05 03:19:00,20900.0,300.0,7448601.0
2177,2021-10-05 03:19:00,20900.0,1000.0,7448301.0
2178,2021-10-05 03:19:00,21000.0,400.0,7447301.0
2179,2021-10-05 03:19:00,20900.0,3600.0,7446901.0
2180,2021-10-05 03:18:00,20900.0,200.0,7443301.0
2181,2021-10-05 03:18:00,20900.0,5000.0,7443101.0
2182,2021-10-05 03:18:00,20900.0,2100.0,7438101.0
2183,2021-10-05 03:18:00,20900.0,500.0,7436001.0
2184,2021-10-05 03:18:00,20900.0,500.0,7435501.0
2185,2021-10-05 03:18:00,21000.0,500.0,7435001.0
2186,2021-10-05 03:18:00,21000.0,1300.0,7434501.0
2187,2021-10-05 03:18:00,20900.0,24000.0,7433201.0
2188,2021-10-05 03:18:00,21000.0,500.0,7409201.0
2189,2021-10-05 03:18:00,21000.0,2000.0,7408701.0
2190,2021-10-05 03:18:00,20900.0,100.0,7406701.0
2191,2021-10-05 03:17:00,21000.0,3000.0,7406601.0
2192,2021-10-05 03:17:00,21000.0,100.0,7403601.0
2193,2021-10-05 03:17:00,20900.0,800.0,7403501.0
2194,2021-10-05 03:17:00,21000.0,3800.0,7402701.0
2195,2021-10-05 03:17:00,21000.0,900.0,7398901.0
2196,2021-10-05 03:17:00,20900.0,100.0,7398001.0
2197,2021-10-05 03:17:00,21000.0,600.0,7397901.0
2198,2021-10-05 03:17:00,21000.0,500.0,7397301.0
2199,2021-10-05 03:17:00,21000.0,100.0,7396801.0
2200,2021-10-05 03:16:00,21000.0,100.0,7396701.0
2201,2021-10-05 03:16:00,21000.0,1000.0,7396601.0
2202,2021-10-05 03:16:00,21000.0,2000.0,7395601.0
2203,2021-10-05 03:16:00,20900.0,1000.0,7393601.0
2204,2021-10-05 03:16:00,20900.0,200.0,7392601.0
2205,2021-10-05 03:16:00,20900.0,3200.0,7392401.0
2206,2021-10-05 03:16:00,20900.0,300.0,7389201.0
2207,2021-10-05 03:15:00,20900.0,5000.0,7388901.0
2208,2021-10-05 03:15:00,21000.0,1500.0,7383901.0
2209,2021-10-05 03:15:00,20900.0,3000.0,7382401.0
2210,2021-10-05 03:15:00,21000.0,1100.0,7379401.0
2211,2021-10-05 03:15:00,21000.0,1000.0,7378301.0
2212,2021-10-05 03:15:00,21000.0,13.0,7377301.0
2213,2021-10-05 03:15:00,21000.0,300.0,7377288.0
2214,2021-10-05 03:14:00,21000.0,300.0,7376988.0
2215,2021-10-05 03:14:00,20900.0,1000.0,7376688.0
2216,2021-10-05 03:14:00,20900.0,2000.0,7375688.0
2217,2021-10-05 03:14:00,20900.0,200.0,7373688.0
2218,2021-10-05 03:14:00,20900.0,2000.0,7373488.0
2219,2021-10-05 03:14:00,20900.0,67.0,7371488.0
2220,2021-10-05 03:14:00,20900.0,200.0,7371421.0
2221,2021-10-05 03:14:00,20900.0,20000.0,7371221.0
2222,2021-10-05 03:14:00,21000.0,5200.0,7351221.0
2223,2021-10-05 03:14:00,21000.0,50000.0,7346021.0
2224,2021-10-05 03:14:00,20900.0,900.0,7296021.0
2225,2021-10-05 03:13:00,20900.0,500.0,7295121.0
2226,2021-10-05 03:13:00,21000.0,11200.0,7294621.0
2227,2021-10-05 03:13:00,20900.0,1300.0,7283421.0
2228,2021-10-05 03:13:00,20900.0,5000.0,7282121.0
2229,2021-10-05 03:13:00,20900.0,1800.0,7277121.0
2230,2021-10-05 03:13:00,21000.0,4800.0,7275321.0
2231,2021-10-05 03:13:00,20900.0,100.0,7270521.0
2232,2021-10-05 03:12:00,20900.0,1000.0,7270421.0
2233,2021-10-05 03:12:00,20900.0,7200.0,7269421.0
2234,2021-10-05 03:12:00,20900.0,2000.0,7262221.0
2235,2021-10-05 03:12:00,20900.0,300.0,7260221.0
2236,2021-10-05 03:12:00,20900.0,1000.0,7259921.0
2237,2021-10-05 03:12:00,20900.0,2500.0,7258921.0
2238,2021-10-05 03:12:00,21000.0,100.0,7256421.0
2239,2021-10-05 03:12:00,20900.0,500.0,7256321.0
2240,2021-10-05 03:11:00,20900.0,50000.0,7255821.0
2241,2021-10-05 03:11:00,21000.0,500.0,7205821.0
2242,2021-10-05 03:10:00,20900.0,1400.0,7205321.0
2243,2021-10-05 03:10:00,21000.0,600.0,7203921.0
2244,2021-10-05 03:10:00,21000.0,600.0,7203321.0
2245,2021-10-05 03:10:00,21000.0,500.0,7202721.0
2246,2021-10-05 03:10:00,21000.0,100.0,7202221.0
2247,2021-10-05 03:10:00,21000.0,1000.0,7202121.0
2248,2021-10-05 03:10:00,21000.0,100.0,7201121.0
2249,2021-10-05 03:10:00,21000.0,100.0,7201021.0
2250,2021-10-05 03:09:00,21000.0,500.0,7200921.0
2251,2021-10-05 03:09:00,20900.0,15000.0,7200421.0
2252,2021-10-05 03:09:00,21000.0,1000.0,7185421.0
2253,2021-10-05 03:09:00,20900.0,100.0,7184421.0
2254,2021-10-05 03:09:00,21000.0,100.0,7184321.0
2255,2021-10-05 03:09:00,21000.0,2000.0,7184221.0
2256,2021-10-05 03:09:00,21000.0,500.0,7182221.0
2257,2021-10-05 03:09:00,21000.0,100.0,7181721.0
2258,2021-10-05 03:09:00,20900.0,5000.0,7181621.0
2259,2021-10-05 03:09:00,21000.0,30000.0,7176621.0
2260,2021-10-05 03:09:00,21000.0,50000.0,7146621.0
2261,2021-10-05 03:09:00,20900.0,2000.0,7096621.0
2262,2021-10-05 03:09:00,20900.0,2400.0,7094621.0
2263,2021-10-05 03:08:00,20900.0,300.0,7092221.0
2264,2021-10-05 03:08:00,21000.0,1000.0,7091921.0
2265,2021-10-05 03:08:00,21000.0,200.0,7090921.0
2266,2021-10-05 03:08:00,20900.0,1200.0,7090721.0
2267,2021-10-05 03:08:00,21000.0,500.0,7089521.0
2268,2021-10-05 03:08:00,20900.0,2100.0,7089021.0
2269,2021-10-05 03:08:00,21000.0,100.0,7086921.0
2270,2021-10-05 03:08:00,21000.0,2000.0,7086821.0
2271,2021-10-05 03:07:00,21000.0,200.0,7084821.0
2272,2021-10-05 03:07:00,21000.0,100.0,7084621.0
2273,2021-10-05 03:07:00,21000.0,3000.0,7084521.0
2274,2021-10-05 03:07:00,21000.0,400.0,7081521.0
2275,2021-10-05 03:07:00,21000.0,100.0,7081121.0
2276,2021-10-05 03:07:00,20900.0,300.0,7081021.0
2277,2021-10-05 03:07:00,21000.0,700.0,7080721.0
2278,2021-10-05 03:07:00,20900.0,800.0,7080021.0
2279,2021-10-05 03:07:00,21000.0,25300.0,7079221.0
2280,2021-10-05 03:07:00,21000.0,300.0,7053921.0
2281,2021-10-05 03:06:00,21000.0,500.0,7053621.0
2282,2021-10-05 03:06:00,21000.0,1000.0,7053121.0
2283,2021-10-05 03:06:00,21000.0,5000.0,7052121.0
2284,2021-10-05 03:06:00,21000.0,72300.0,7047121.0
2285,2021-10-05 03:06:00,21000.0,100.0,6974821.0
2286,2021-10-05 03:06:00,21000.0,500.0,6974721.0
2287,2021-10-05 03:06:00,21000.0,5000.0,6974221.0
2288,2021-10-05 03:06:00,21000.0,700.0,6969221.0
2289,2021-10-05 03:06:00,21000.0,1000.0,6968521.0
2290,2021-10-05 03:06:00,21000.0,1000.0,6967521.0
2291,2021-10-05 03:06:00,21000.0,1000.0,6966521.0
2292,2021-10-05 03:06:00,21000.0,900.0,6965521.0
2293,2021-10-05 03:06:00,21000.0,100.0,6964621.0
2294,2021-10-05 03:06:00,21000.0,300.0,6964521.0
2295,2021-10-05 03:05:00,21000.0,1500.0,6964221.0
2296,2021-10-05 03:05:00,21000.0,100.0,6962721.0
2297,2021-10-05 03:05:00,21000.0,900.0,6962621.0
2298,2021-10-05 03:05:00,21000.0,1000.0,6961721.0
2299,2021-10-05 03:05:00,21000.0,600.0,6960721.0
2300,2021-10-05 03:05:00,21000.0,900.0,6960121.0
2301,2021-10-05 03:05:00,21000.0,500.0,6959221.0
2302,2021-10-05 03:05:00,21000.0,200.0,6958721.0
2303,2021-10-05 03:05:00,21000.0,100.0,6958521.0
2304,2021-10-05 03:04:00,21000.0,2000.0,6958421.0
2305,2021-10-05 03:04:00,21000.0,500.0,6956421.0
2306,2021-10-05 03:04:00,21000.0,5000.0,6955921.0
2307,2021-10-05 03:04:00,21000.0,100.0,6950921.0
2308,2021-10-05 03:04:00,21000.0,9900.0,6950821.0
2309,2021-10-05 03:04:00,21000.0,11.0,6940921.0
2310,2021-10-05 03:04:00,21000.0,400.0,6940910.0
2311,2021-10-05 03:04:00,21000.0,100.0,6940510.0
2312,2021-10-05 03:04:00,21000.0,1000.0,6940410.0
2313,2021-10-05 03:04:00,21000.0,1000.0,6939410.0
2314,2021-10-05 03:04:00,21000.0,800.0,6938410.0
2315,2021-10-05 03:04:00,21000.0,2000.0,6937610.0
2316,2021-10-05 03:04:00,21000.0,800.0,6935610.0
2317,2021-10-05 03:04:00,21000.0,1000.0,6934810.0
2318,2021-10-05 03:04:00,21000.0,50000.0,6933810.0
2319,2021-10-05 03:03:00,21000.0,5000.0,6883810.0
2320,2021-10-05 03:03:00,21000.0,2200.0,6878810.0
2321,2021-10-05 03:03:00,21000.0,2000.0,6876610.0
2322,2021-10-05 03:03:00,21000.0,37200.0,6874610.0
2323,2021-10-05 03:03:00,21000.0,1200.0,6837410.0
2324,2021-10-05 03:03:00,21000.0,100.0,6836210.0
2325,2021-10-05 03:03:00,21000.0,400.0,6836110.0
2326,2021-10-05 03:03:00,21000.0,100.0,6835710.0
2327,2021-10-05 03:03:00,21000.0,400.0,6835610.0
2328,2021-10-05 03:03:00,21000.0,20000.0,6835210.0
2329,2021-10-05 03:03:00,21000.0,10000.0,6815210.0
2330,2021-10-05 03:03:00,21000.0,2500.0,6805210.0
2331,2021-10-05 03:03:00,21100.0,100.0,6802710.0
2332,2021-10-05 03:03:00,21000.0,1000.0,6802610.0
2333,2021-10-05 03:03:00,21000.0,300.0,6801610.0
2334,2021-10-05 03:03:00,21000.0,200.0,6801310.0
2335,2021-10-05 03:03:00,21000.0,4000.0,6801110.0
2336,2021-10-05 03:03:00,21000.0,500.0,6797110.0
2337,2021-10-05 03:03:00,21000.0,6000.0,6796610.0
2338,2021-10-05 03:03:00,21000.0,500.0,6790610.0
2339,2021-10-05 03:03:00,21000.0,400.0,6790110.0
2340,2021-10-05 03:03:00,21000.0,100.0,6789710.0
2341,2021-10-05 03:03:00,21000.0,24000.0,6789610.0
2342,2021-10-05 03:03:00,21000.0,5000.0,6765610.0
2343,2021-10-05 03:02:00,21000.0,5800.0,6760610.0
2344,2021-10-05 03:02:00,21000.0,200.0,6754810.0
2345,2021-10-05 03:02:00,21000.0,2700.0,6754610.0
2346,2021-10-05 03:02:00,21000.0,10000.0,6751910.0
2347,2021-10-05 03:02:00,21100.0,2000.0,6741910.0
2348,2021-10-05 03:02:00,21000.0,500.0,6739910.0
2349,2021-10-05 03:02:00,21000.0,12000.0,6739410.0
2350,2021-10-05 03:02:00,21100.0,10000.0,6727410.0
2351,2021-10-05 03:02:00,21000.0,2000.0,6717410.0
2352,2021-10-05 03:02:00,21100.0,400.0,6715410.0
2353,2021-10-05 03:02:00,21000.0,9302.0,6715010.0
2354,2021-10-05 03:02:00,21100.0,1700.0,6705708.0
2355,2021-10-05 03:02:00,21000.0,8000.0,6704008.0
2356,2021-10-05 03:02:00,21100.0,500.0,6696008.0
2357,2021-10-05 03:02:00,21000.0,100.0,6695508.0
2358,2021-10-05 03:02:00,21000.0,600.0,6695408.0
2359,2021-10-05 03:02:00,21000.0,27500.0,6694808.0
2360,2021-10-05 03:02:00,21000.0,4000.0,6667308.0
2361,2021-10-05 03:01:00,21000.0,4000.0,6663308.0
2362,2021-10-05 03:01:00,21000.0,500.0,6659308.0
2363,2021-10-05 03:01:00,21000.0,4500.0,6658808.0
2364,2021-10-05 03:01:00,21000.0,5000.0,6654308.0
2365,2021-10-05 03:01:00,21000.0,65800.0,6649308.0
2366,2021-10-05 03:01:00,21000.0,57.0,6583508.0
2367,2021-10-05 03:01:00,21000.0,2000.0,6583451.0
2368,2021-10-05 03:01:00,21000.0,3000.0,6581451.0
2369,2021-10-05 03:01:00,21000.0,10000.0,6578451.0
2370,2021-10-05 03:01:00,21000.0,1000.0,6568451.0
2371,2021-10-05 03:01:00,21100.0,1000.0,6567451.0
2372,2021-10-05 03:00:00,21000.0,600.0,6566451.0
2373,2021-10-05 03:00:00,21000.0,1000.0,6565851.0
2374,2021-10-05 03:00:00,21100.0,13000.0,6564851.0
2375,2021-10-05 03:00:00,21000.0,3000.0,6551851.0
2376,2021-10-05 03:00:00,21000.0,10000.0,6548851.0
2377,2021-10-05 03:00:00,21000.0,500.0,6538851.0
2378,2021-10-05 03:00:00,21100.0,1000.0,6538351.0
2379,2021-10-05 03:00:00,21000.0,1800.0,6537351.0
2380,2021-10-05 03:00:00,21000.0,6900.0,6535551.0
2381,2021-10-05 02:59:00,21000.0,100.0,6528651.0
2382,2021-10-05 02:59:00,21100.0,500.0,6528551.0
2383,2021-10-05 02:59:00,21000.0,4000.0,6528051.0
2384,2021-10-05 02:59:00,21000.0,900.0,6524051.0
2385,2021-10-05 02:59:00,21000.0,16000.0,6523151.0
2386,2021-10-05 02:59:00,21000.0,100.0,6507151.0
2387,2021-10-05 02:59:00,21000.0,1000.0,6507051.0
2388,2021-10-05 02:59:00,21000.0,1000.0,6506051.0
2389,2021-10-05 02:59:00,21000.0,2900.0,6505051.0
2390,2021-10-05 02:59:00,21100.0,20000.0,6502151.0
2391,2021-10-05 02:59:00,21000.0,2000.0,6482151.0
2392,2021-10-05 02:59:00,21000.0,2100.0,6480151.0
2393,2021-10-05 02:59:00,21000.0,1000.0,6478051.0
2394,2021-10-05 02:59:00,21000.0,2500.0,6477051.0
2395,2021-10-05 02:59:00,21000.0,50.0,6474551.0
2396,2021-10-05 02:59:00,21000.0,100.0,6474501.0
2397,2021-10-05 02:59:00,21000.0,100.0,6474401.0
2398,2021-10-05 02:58:00,21000.0,2000.0,6474301.0
2399,2021-10-05 02:58:00,21000.0,400.0,6472301.0
2400,2021-10-05 02:58:00,21000.0,2000.0,6471901.0
2401,2021-10-05 02:58:00,21000.0,2000.0,6469901.0
2402,2021-10-05 02:58:00,21000.0,300.0,6467901.0
2403,2021-10-05 02:58:00,21100.0,100.0,6467601.0
2404,2021-10-05 02:58:00,21000.0,800.0,6467501.0
2405,2021-10-05 02:58:00,21000.0,500.0,6466701.0
2406,2021-10-05 02:58:00,21000.0,1000.0,6466201.0
2407,2021-10-05 02:58:00,21000.0,100.0,6465201.0
2408,2021-10-05 02:58:00,21100.0,1000.0,6465101.0
2409,2021-10-05 02:58:00,21000.0,5000.0,6464101.0
2410,2021-10-05 02:58:00,21000.0,5800.0,6459101.0
2411,2021-10-05 02:58:00,21000.0,5000.0,6453301.0
2412,2021-10-05 02:58:00,21000.0,4000.0,6448301.0
2413,2021-10-05 02:58:00,21000.0,5200.0,6444301.0
2414,2021-10-05 02:58:00,21000.0,2100.0,6439101.0
2415,2021-10-05 02:57:00,21000.0,5000.0,6437001.0
2416,2021-10-05 02:57:00,21000.0,1000.0,6432001.0
2417,2021-10-05 02:57:00,21000.0,100.0,6431001.0
2418,2021-10-05 02:57:00,21000.0,1000.0,6430901.0
2419,2021-10-05 02:57:00,21100.0,2300.0,6429901.0
2420,2021-10-05 02:57:00,21000.0,10100.0,6427601.0
2421,2021-10-05 02:57:00,21000.0,1100.0,6417501.0
2422,2021-10-05 02:57:00,21000.0,2200.0,6416401.0
2423,2021-10-05 02:57:00,21000.0,100.0,6414201.0
2424,2021-10-05 02:57:00,21000.0,100.0,6414101.0
2425,2021-10-05 02:57:00,21000.0,15000.0,6414001.0
2426,2021-10-05 02:57:00,21000.0,900.0,6399001.0
2427,2021-10-05 02:57:00,21000.0,100.0,6398101.0
2428,2021-10-05 02:57:00,21000.0,3800.0,6398001.0
2429,2021-10-05 02:57:00,21000.0,400.0,6394201.0
2430,2021-10-05 02:56:00,21000.0,500.0,6393801.0
2431,2021-10-05 02:56:00,21000.0,2000.0,6393301.0
2432,2021-10-05 02:56:00,21000.0,1300.0,6391301.0
2433,2021-10-05 02:56:00,21000.0,200.0,6390001.0
2434,2021-10-05 02:56:00,21000.0,2050.0,6389801.0
2435,2021-10-05 02:56:00,21000.0,6500.0,6387751.0
2436,2021-10-05 02:56:00,21000.0,2000.0,6381251.0
2437,2021-10-05 02:56:00,21000.0,2200.0,6379251.0
2438,2021-10-05 02:56:00,21000.0,100.0,6377051.0
2439,2021-10-05 02:56:00,21000.0,100.0,6376951.0
2440,2021-10-05 02:56:00,21000.0,2000.0,6376851.0
2441,2021-10-05 02:56:00,21000.0,5000.0,6374851.0
2442,2021-10-05 02:56:00,21000.0,2000.0,6369851.0
2443,2021-10-05 02:55:00,21000.0,5000.0,6367851.0
2444,2021-10-05 02:55:00,21000.0,2600.0,6362851.0
2445,2021-10-05 02:55:00,21100.0,500.0,6360251.0
2446,2021-10-05 02:55:00,21000.0,49.0,6359751.0
2447,2021-10-05 02:55:00,21000.0,1000.0,6359702.0
2448,2021-10-05 02:55:00,21000.0,100.0,6358702.0
2449,2021-10-05 02:55:00,21100.0,1500.0,6358602.0
2450,2021-10-05 02:55:00,21000.0,72.0,6357102.0
2451,2021-10-05 02:55:00,21000.0,1900.0,6357030.0
2452,2021-10-05 02:55:00,21000.0,2000.0,6355130.0
2453,2021-10-05 02:55:00,21000.0,200.0,6353130.0
2454,2021-10-05 02:55:00,21000.0,5000.0,6352930.0
2455,2021-10-05 02:55:00,21000.0,400.0,6347930.0
2456,2021-10-05 02:55:00,21000.0,200.0,6347530.0
2457,2021-10-05 02:54:00,21100.0,20200.0,6347330.0
2458,2021-10-05 02:54:00,21000.0,100.0,6327130.0
2459,2021-10-05 02:54:00,21000.0,8000.0,6327030.0
2460,2021-10-05 02:54:00,21000.0,4200.0,6319030.0
2461,2021-10-05 02:54:00,21000.0,1000.0,6314830.0
2462,2021-10-05 02:54:00,21000.0,20.0,6313830.0
2463,2021-10-05 02:54:00,21000.0,300.0,6313810.0
2464,2021-10-05 02:54:00,21100.0,200.0,6313510.0
2465,2021-10-05 02:54:00,21100.0,3000.0,6313310.0
2466,2021-10-05 02:54:00,21000.0,2100.0,6310310.0
2467,2021-10-05 02:54:00,21000.0,100.0,6308210.0
2468,2021-10-05 02:54:00,21100.0,20000.0,6308110.0
2469,2021-10-05 02:53:00,21100.0,200.0,6288110.0
2470,2021-10-05 02:53:00,21000.0,200.0,6287910.0
2471,2021-10-05 02:53:00,21100.0,2000.0,6287710.0
2472,2021-10-05 02:53:00,21000.0,100.0,6285710.0
2473,2021-10-05 02:53:00,21000.0,400.0,6285610.0
2474,2021-10-05 02:53:00,21000.0,500.0,6285210.0
2475,2021-10-05 02:53:00,21000.0,5000.0,6284710.0
2476,2021-10-05 02:53:00,21000.0,1000.0,6279710.0
2477,2021-10-05 02:53:00,21000.0,500.0,6278710.0
2478,2021-10-05 02:53:00,21000.0,9900.0,6278210.0
2479,2021-10-05 02:53:00,21000.0,53300.0,6268310.0
2480,2021-10-05 02:53:00,21000.0,500.0,6215010.0
2481,2021-10-05 02:53:00,21000.0,200.0,6214510.0
2482,2021-10-05 02:52:00,21000.0,21400.0,6214310.0
2483,2021-10-05 02:52:00,21000.0,5000.0,6192910.0
2484,2021-10-05 02:52:00,21000.0,11300.0,6187910.0
2485,2021-10-05 02:52:00,21000.0,1000.0,6176610.0
2486,2021-10-05 02:52:00,21000.0,1900.0,6175610.0
2487,2021-10-05 02:52:00,21000.0,2000.0,6173710.0
2488,2021-10-05 02:52:00,21000.0,5000.0,6171710.0
2489,2021-10-05 02:52:00,21000.0,2000.0,6166710.0
2490,2021-10-05 02:52:00,20900.0,2000.0,6164710.0
2491,2021-10-05 02:52:00,20900.0,4000.0,6162710.0
2492,2021-10-05 02:52:00,21000.0,25000.0,6158710.0
2493,2021-10-05 02:52:00,21000.0,3400.0,6133710.0
2494,2021-10-05 02:52:00,20900.0,700.0,6130310.0
2495,2021-10-05 02:52:00,21000.0,53000.0,6129610.0
2496,2021-10-05 02:52:00,21000.0,100.0,6076610.0
2497,2021-10-05 02:52:00,21000.0,600.0,6076510.0
2498,2021-10-05 02:52:00,21000.0,2000.0,6075910.0
2499,2021-10-05 02:52:00,21000.0,2000.0,6073910.0
2500,2021-10-05 02:51:00,20900.0,2000.0,6071910.0
2501,2021-10-05 02:51:00,21000.0,500.0,6069910.0
2502,2021-10-05 02:51:00,20900.0,24.0,6069410.0
2503,2021-10-05 02:51:00,20900.0,2050.0,6069386.0
2504,2021-10-05 02:51:00,20900.0,1200.0,6067336.0
2505,2021-10-05 02:51:00,21000.0,500.0,6066136.0
2506,2021-10-05 02:51:00,20900.0,1000.0,6065636.0
2507,2021-10-05 02:51:00,21000.0,1100.0,6064636.0
2508,2021-10-05 02:51:00,20900.0,2000.0,6063536.0
2509,2021-10-05 02:51:00,21000.0,700.0,6061536.0
2510,2021-10-05 02:50:00,20900.0,500.0,6060836.0
2511,2021-10-05 02:50:00,21000.0,5000.0,6060336.0
2512,2021-10-05 02:50:00,20900.0,1000.0,6055336.0
2513,2021-10-05 02:50:00,21000.0,4600.0,6054336.0
2514,2021-10-05 02:50:00,21000.0,500.0,6049736.0
2515,2021-10-05 02:50:00,20900.0,100.0,6049236.0
2516,2021-10-05 02:50:00,21000.0,5000.0,6049136.0
2517,2021-10-05 02:50:00,21000.0,400.0,6044136.0
2518,2021-10-05 02:50:00,20900.0,10000.0,6043736.0
2519,2021-10-05 02:50:00,20900.0,1400.0,6033736.0
2520,2021-10-05 02:50:00,20900.0,1000.0,6032336.0
2521,2021-10-05 02:49:00,21000.0,1000.0,6031336.0
2522,2021-10-05 02:49:00,21000.0,3000.0,6030336.0
2523,2021-10-05 02:49:00,21000.0,100.0,6027336.0
2524,2021-10-05 02:49:00,21000.0,100.0,6027236.0
2525,2021-10-05 02:49:00,21000.0,100.0,6027136.0
2526,2021-10-05 02:49:00,21000.0,75400.0,6027036.0
2527,2021-10-05 02:49:00,21100.0,200.0,5951636.0
2528,2021-10-05 02:49:00,21000.0,14200.0,5951436.0
2529,2021-10-05 02:49:00,21000.0,1500.0,5937236.0
2530,2021-10-05 02:49:00,21000.0,150000.0,5935736.0
2531,2021-10-05 02:49:00,21000.0,1800.0,5785736.0
2532,2021-10-05 02:49:00,21100.0,800.0,5783936.0
2533,2021-10-05 02:48:00,21000.0,100.0,5783136.0
2534,2021-10-05 02:48:00,21000.0,200.0,5783036.0
2535,2021-10-05 02:48:00,21100.0,9200.0,5782836.0
2536,2021-10-05 02:48:00,21000.0,2500.0,5773636.0
2537,2021-10-05 02:48:00,21100.0,1100.0,5771136.0
2538,2021-10-05 02:48:00,21000.0,300.0,5770036.0
2539,2021-10-05 02:48:00,21000.0,300.0,5769736.0
2540,2021-10-05 02:48:00,21000.0,1000.0,5769436.0
2541,2021-10-05 02:48:00,21000.0,800.0,5768436.0
2542,2021-10-05 02:48:00,21000.0,2760.0,5767636.0
2543,2021-10-05 02:48:00,21100.0,500.0,5764876.0
2544,2021-10-05 02:48:00,21000.0,2000.0,5764376.0
2545,2021-10-05 02:48:00,21000.0,300.0,5762376.0
2546,2021-10-05 02:48:00,21000.0,5000.0,5762076.0
2547,2021-10-05 02:47:00,21100.0,1000.0,5757076.0
2548,2021-10-05 02:47:00,21100.0,500.0,5756076.0
2549,2021-10-05 02:47:00,21100.0,1000.0,5755576.0
2550,2021-10-05 02:47:00,21100.0,1000.0,5754576.0
2551,2021-10-05 02:47:00,21100.0,2000.0,5753576.0
2552,2021-10-05 02:47:00,21100.0,100.0,5751576.0
2553,2021-10-05 02:47:00,21100.0,500.0,5751476.0
2554,2021-10-05 02:47:00,21100.0,100.0,5750976.0
2555,2021-10-05 02:47:00,21100.0,15600.0,5750876.0
2556,2021-10-05 02:46:00,21100.0,29900.0,5735276.0
2557,2021-10-05 02:46:00,21100.0,8000.0,5705376.0
2558,2021-10-05 02:46:00,21100.0,1000.0,5697376.0
2559,2021-10-05 02:46:00,21100.0,1000.0,5696376.0
2560,2021-10-05 02:46:00,21100.0,500.0,5695376.0
2561,2021-10-05 02:46:00,21100.0,1300.0,5694876.0
2562,2021-10-05 02:46:00,21100.0,500.0,5693576.0
2563,2021-10-05 02:46:00,21100.0,200.0,5693076.0
2564,2021-10-05 02:46:00,21100.0,500.0,5692876.0
2565,2021-10-05 02:46:00,21100.0,500.0,5692376.0
2566,2021-10-05 02:46:00,21100.0,2000.0,5691876.0
2567,2021-10-05 02:45:00,21100.0,100.0,5689876.0
2568,2021-10-05 02:45:00,21100.0,4100.0,5689776.0
2569,2021-10-05 02:45:00,21100.0,200.0,5685676.0
2570,2021-10-05 02:45:00,21100.0,100.0,5685476.0
2571,2021-10-05 02:45:00,21200.0,400.0,5685376.0
2572,2021-10-05 02:45:00,21100.0,500.0,5684976.0
2573,2021-10-05 02:45:00,21100.0,2200.0,5684476.0
2574,2021-10-05 02:45:00,21100.0,2000.0,5682276.0
2575,2021-10-05 02:45:00,21100.0,7900.0,5680276.0
2576,2021-10-05 02:45:00,21100.0,10000.0,5672376.0
2577,2021-10-05 02:45:00,21100.0,700.0,5662376.0
2578,2021-10-05 02:45:00,21100.0,500.0,5661676.0
2579,2021-10-05 02:45:00,21100.0,12000.0,5661176.0
2580,2021-10-05 02:45:00,21100.0,700.0,5649176.0
2581,2021-10-05 02:45:00,21100.0,500.0,5648476.0
2582,2021-10-05 02:45:00,21100.0,100.0,5647976.0
2583,2021-10-05 02:45:00,21100.0,100.0,5647876.0
2584,2021-10-05 02:45:00,21100.0,100.0,5647776.0
2585,2021-10-05 02:45:00,21100.0,3000.0,5647676.0
2586,2021-10-05 02:44:00,21100.0,5000.0,5644676.0
2587,2021-10-05 02:44:00,21100.0,200.0,5639676.0
2588,2021-10-05 02:44:00,21200.0,200.0,5639476.0
2589,2021-10-05 02:44:00,21100.0,1000.0,5639276.0
2590,2021-10-05 02:44:00,21100.0,46000.0,5638276.0
2591,2021-10-05 02:44:00,21100.0,100.0,5592276.0
2592,2021-10-05 02:44:00,21100.0,2000.0,5592176.0
2593,2021-10-05 02:44:00,21100.0,2000.0,5590176.0
2594,2021-10-05 02:44:00,21100.0,200.0,5588176.0
2595,2021-10-05 02:44:00,21100.0,500.0,5587976.0
2596,2021-10-05 02:44:00,21100.0,200.0,5587476.0
2597,2021-10-05 02:44:00,21100.0,1100.0,5587276.0
2598,2021-10-05 02:44:00,21100.0,8200.0,5586176.0
2599,2021-10-05 02:43:00,21100.0,1000.0,5577976.0
2600,2021-10-05 02:43:00,21100.0,1000.0,5576976.0
2601,2021-10-05 02:43:00,21100.0,800.0,5575976.0
2602,2021-10-05 02:43:00,21100.0,2100.0,5575176.0
2603,2021-10-05 02:43:00,21100.0,100.0,5573076.0
2604,2021-10-05 02:43:00,21100.0,400.0,5572976.0
2605,2021-10-05 02:43:00,21100.0,500.0,5572576.0
2606,2021-10-05 02:43:00,21100.0,500.0,5572076.0
2607,2021-10-05 02:43:00,21100.0,400.0,5571576.0
2608,2021-10-05 02:43:00,21100.0,2000.0,5571176.0
2609,2021-10-05 02:43:00,21100.0,100.0,5569176.0
2610,2021-10-05 02:43:00,21100.0,2000.0,5569076.0
2611,2021-10-05 02:43:00,21100.0,1000.0,5567076.0
2612,2021-10-05 02:43:00,21100.0,100.0,5566076.0
2613,2021-10-05 02:43:00,21100.0,100.0,5565976.0
2614,2021-10-05 02:43:00,21100.0,5000.0,5565876.0
2615,2021-10-05 02:42:00,21100.0,1000.0,5560876.0
2616,2021-10-05 02:42:00,21100.0,100.0,5559876.0
2617,2021-10-05 02:42:00,21100.0,1000.0,5559776.0
2618,2021-10-05 02:42:00,21100.0,100.0,5558776.0
2619,2021-10-05 02:42:00,21100.0,500.0,5558676.0
2620,2021-10-05 02:42:00,21100.0,500.0,5558176.0
2621,2021-10-05 02:42:00,21100.0,200.0,5557676.0
2622,2021-10-05 02:42:00,21100.0,400.0,5557476.0
2623,2021-10-05 02:42:00,21100.0,600.0,5557076.0
2624,2021-10-05 02:42:00,21100.0,1000.0,5556476.0
2625,2021-10-05 02:42:00,21100.0,2300.0,5555476.0
2626,2021-10-05 02:42:00,21100.0,8300.0,5553176.0
2627,2021-10-05 02:42:00,21200.0,1000.0,5544876.0
2628,2021-10-05 02:41:00,21100.0,1000.0,5543876.0
2629,2021-10-05 02:41:00,21200.0,400.0,5542876.0
2630,2021-10-05 02:41:00,21200.0,100.0,5542476.0
2631,2021-10-05 02:41:00,21100.0,500.0,5542376.0
2632,2021-10-05 02:41:00,21100.0,100.0,5541876.0
2633,2021-10-05 02:41:00,21200.0,27800.0,5541776.0
2634,2021-10-05 02:41:00,21200.0,3500.0,5513976.0
2635,2021-10-05 02:41:00,21200.0,1000.0,5510476.0
2636,2021-10-05 02:41:00,21200.0,2000.0,5509476.0
2637,2021-10-05 02:41:00,21200.0,5100.0,5507476.0
2638,2021-10-05 02:41:00,21200.0,4000.0,5502376.0
2639,2021-10-05 02:41:00,21200.0,5000.0,5498376.0
2640,2021-10-05 02:41:00,21200.0,4600.0,5493376.0
2641,2021-10-05 02:41:00,21200.0,3000.0,5488776.0
2642,2021-10-05 02:41:00,21200.0,500.0,5485776.0
2643,2021-10-05 02:40:00,21200.0,10300.0,5485276.0
2644,2021-10-05 02:40:00,21200.0,10000.0,5474976.0
2645,2021-10-05 02:40:00,21200.0,300.0,5464976.0
2646,2021-10-05 02:40:00,21200.0,500.0,5464676.0
2647,2021-10-05 02:40:00,21200.0,15000.0,5464176.0
2648,2021-10-05 02:40:00,21200.0,1000.0,5449176.0
2649,2021-10-05 02:40:00,21200.0,800.0,5448176.0
2650,2021-10-05 02:40:00,21200.0,1200.0,5447376.0
2651,2021-10-05 02:40:00,21200.0,10000.0,5446176.0
2652,2021-10-05 02:40:00,21200.0,200.0,5436176.0
2653,2021-10-05 02:40:00,21200.0,200.0,5435976.0
2654,2021-10-05 02:40:00,21200.0,500.0,5435776.0
2655,2021-10-05 02:40:00,21200.0,10000.0,5435276.0
2656,2021-10-05 02:40:00,21200.0,10700.0,5425276.0
2657,2021-10-05 02:40:00,21200.0,1000.0,5414576.0
2658,2021-10-05 02:40:00,21200.0,2000.0,5413576.0
2659,2021-10-05 02:40:00,21200.0,2000.0,5411576.0
2660,2021-10-05 02:40:00,21200.0,200.0,5409576.0
2661,2021-10-05 02:40:00,21200.0,10000.0,5409376.0
2662,2021-10-05 02:40:00,21200.0,300.0,5399376.0
2663,2021-10-05 02:40:00,21200.0,300.0,5399076.0
2664,2021-10-05 02:40:00,21200.0,300.0,5398776.0
2665,2021-10-05 02:40:00,21200.0,2000.0,5398476.0
2666,2021-10-05 02:40:00,21200.0,1300.0,5396476.0
2667,2021-10-05 02:39:00,21200.0,600.0,5395176.0
2668,2021-10-05 02:39:00,21200.0,1000.0,5394576.0
2669,2021-10-05 02:39:00,21200.0,400.0,5393576.0
2670,2021-10-05 02:39:00,21300.0,2000.0,5393176.0
2671,2021-10-05 02:39:00,21200.0,500.0,5391176.0
2672,2021-10-05 02:39:00,21200.0,100.0,5390676.0
2673,2021-10-05 02:39:00,21200.0,865.0,5390576.0
2674,2021-10-05 02:39:00,21200.0,15100.0,5389711.0
2675,2021-10-05 02:39:00,21200.0,500.0,5374611.0
2676,2021-10-05 02:39:00,21200.0,100.0,5374111.0
2677,2021-10-05 02:39:00,21200.0,300.0,5374011.0
2678,2021-10-05 02:39:00,21200.0,100.0,5373711.0
2679,2021-10-05 02:39:00,21200.0,11600.0,5373611.0
2680,2021-10-05 02:39:00,21200.0,100.0,5362011.0
2681,2021-10-05 02:39:00,21200.0,100.0,5361911.0
2682,2021-10-05 02:39:00,21200.0,12500.0,5361811.0
2683,2021-10-05 02:39:00,21200.0,200.0,5349311.0
2684,2021-10-05 02:39:00,21200.0,500.0,5349111.0
2685,2021-10-05 02:39:00,21200.0,600.0,5348611.0
2686,2021-10-05 02:39:00,21200.0,500.0,5348011.0
2687,2021-10-05 02:38:00,21200.0,500.0,5347511.0
2688,2021-10-05 02:38:00,21200.0,1000.0,5347011.0
2689,2021-10-05 02:38:00,21200.0,500.0,5346011.0
2690,2021-10-05 02:38:00,21200.0,2000.0,5345511.0
2691,2021-10-05 02:38:00,21200.0,3000.0,5343511.0
2692,2021-10-05 02:38:00,21200.0,500.0,5340511.0
2693,2021-10-05 02:38:00,21200.0,100.0,5340011.0
2694,2021-10-05 02:38:00,21200.0,400.0,5339911.0
2695,2021-10-05 02:38:00,21200.0,900.0,5339511.0
2696,2021-10-05 02:38:00,21200.0,3600.0,5338611.0
2697,2021-10-05 02:38:00,21200.0,1000.0,5335011.0
2698,2021-10-05 02:38:00,21200.0,3200.0,5334011.0
2699,2021-10-05 02:38:00,21200.0,301.0,5330811.0
2700,2021-10-05 02:38:00,21200.0,2000.0,5330510.0
2701,2021-10-05 02:38:00,21200.0,3900.0,5328510.0
2702,2021-10-05 02:38:00,21200.0,500.0,5324610.0
2703,2021-10-05 02:37:00,21200.0,100.0,5324110.0
2704,2021-10-05 02:37:00,21300.0,5000.0,5324010.0
2705,2021-10-05 02:37:00,21200.0,2000.0,5319010.0
2706,2021-10-05 02:37:00,21200.0,1000.0,5317010.0
2707,2021-10-05 02:37:00,21200.0,8000.0,5316010.0
2708,2021-10-05 02:37:00,21200.0,1000.0,5308010.0
2709,2021-10-05 02:37:00,21300.0,100.0,5307010.0
2710,2021-10-05 02:37:00,21200.0,1000.0,5306910.0
2711,2021-10-05 02:37:00,21200.0,10000.0,5305910.0
2712,2021-10-05 02:37:00,21200.0,2000.0,5295910.0
2713,2021-10-05 02:37:00,21200.0,800.0,5293910.0
2714,2021-10-05 02:37:00,21200.0,200.0,5293110.0
2715,2021-10-05 02:37:00,21200.0,300.0,5292910.0
2716,2021-10-05 02:37:00,21200.0,2400.0,5292610.0
2717,2021-10-05 02:37:00,21200.0,300.0,5290210.0
2718,2021-10-05 02:37:00,21200.0,500.0,5289910.0
2719,2021-10-05 02:37:00,21200.0,15200.0,5289410.0
2720,2021-10-05 02:37:00,21200.0,200.0,5274210.0
2721,2021-10-05 02:37:00,21200.0,1000.0,5274010.0
2722,2021-10-05 02:37:00,21200.0,200.0,5273010.0
2723,2021-10-05 02:37:00,21200.0,500.0,5272810.0
2724,2021-10-05 02:37:00,21200.0,300.0,5272310.0
2725,2021-10-05 02:37:00,21200.0,6200.0,5272010.0
2726,2021-10-05 02:36:00,21200.0,600.0,5265810.0
2727,2021-10-05 02:36:00,21200.0,200.0,5265210.0
2728,2021-10-05 02:36:00,21200.0,1000.0,5265010.0
2729,2021-10-05 02:36:00,21200.0,20900.0,5264010.0
2730,2021-10-05 02:36:00,21200.0,1500.0,5243110.0
2731,2021-10-05 02:36:00,21200.0,8100.0,5241610.0
2732,2021-10-05 02:36:00,21200.0,200.0,5233510.0
2733,2021-10-05 02:36:00,21300.0,3000.0,5233310.0
2734,2021-10-05 02:36:00,21200.0,3000.0,5230310.0
2735,2021-10-05 02:36:00,21300.0,5000.0,5227310.0
2736,2021-10-05 02:36:00,21300.0,100.0,5222310.0
2737,2021-10-05 02:36:00,21300.0,500.0,5222210.0
2738,2021-10-05 02:36:00,21200.0,500.0,5221710.0
2739,2021-10-05 02:36:00,21200.0,200.0,5221210.0
2740,2021-10-05 02:36:00,21200.0,2000.0,5221010.0
2741,2021-10-05 02:35:00,21300.0,2000.0,5219010.0
2742,2021-10-05 02:35:00,21200.0,10000.0,5217010.0
2743,2021-10-05 02:35:00,21300.0,5000.0,5207010.0
2744,2021-10-05 02:35:00,21200.0,3000.0,5202010.0
2745,2021-10-05 02:35:00,21200.0,5000.0,5199010.0
2746,2021-10-05 02:35:00,21200.0,4100.0,5194010.0
2747,2021-10-05 02:35:00,21200.0,2600.0,5189910.0
2748,2021-10-05 02:35:00,21200.0,300.0,5187310.0
2749,2021-10-05 02:35:00,21200.0,400.0,5187010.0
2750,2021-10-05 02:35:00,21200.0,1000.0,5186610.0
2751,2021-10-05 02:35:00,21200.0,2100.0,5185610.0
2752,2021-10-05 02:35:00,21200.0,200.0,5183510.0
2753,2021-10-05 02:35:00,21200.0,19300.0,5183310.0
2754,2021-10-05 02:35:00,21200.0,1000.0,5164010.0
2755,2021-10-05 02:35:00,21200.0,3000.0,5163010.0
2756,2021-10-05 02:35:00,21200.0,500.0,5160010.0
2757,2021-10-05 02:35:00,21200.0,500000.0,5159510.0
2758,2021-10-05 02:35:00,21200.0,400.0,4659510.0
2759,2021-10-05 02:34:00,21200.0,100.0,4659110.0
2760,2021-10-05 02:34:00,21100.0,3000.0,4659010.0
2761,2021-10-05 02:34:00,21200.0,5100.0,4656010.0
2762,2021-10-05 02:34:00,21200.0,540.0,4650910.0
2763,2021-10-05 02:34:00,21200.0,1000.0,4650370.0
2764,2021-10-05 02:34:00,21100.0,4000.0,4649370.0
2765,2021-10-05 02:34:00,21100.0,5000.0,4645370.0
2766,2021-10-05 02:34:00,21100.0,500.0,4640370.0
2767,2021-10-05 02:34:00,21100.0,500.0,4639870.0
2768,2021-10-05 02:34:00,21100.0,3400.0,4639370.0
2769,2021-10-05 02:34:00,21100.0,3000.0,4635970.0
2770,2021-10-05 02:34:00,21200.0,100.0,4632970.0
2771,2021-10-05 02:34:00,21100.0,10500.0,4632870.0
2772,2021-10-05 02:33:00,21100.0,600.0,4622370.0
2773,2021-10-05 02:33:00,21100.0,100.0,4621770.0
2774,2021-10-05 02:33:00,21100.0,200.0,4621670.0
2775,2021-10-05 02:33:00,21100.0,500.0,4621470.0
2776,2021-10-05 02:33:00,21100.0,4000.0,4620970.0
2777,2021-10-05 02:33:00,21100.0,500.0,4616970.0
2778,2021-10-05 02:33:00,21100.0,200.0,4616470.0
2779,2021-10-05 02:33:00,21200.0,100.0,4616270.0
2780,2021-10-05 02:33:00,21100.0,200.0,4616170.0
2781,2021-10-05 02:33:00,21100.0,300.0,4615970.0
2782,2021-10-05 02:33:00,21100.0,1000.0,4615670.0
2783,2021-10-05 02:33:00,21100.0,2200.0,4614670.0
2784,2021-10-05 02:33:00,21100.0,1100.0,4612470.0
2785,2021-10-05 02:33:00,21100.0,8000.0,4611370.0
2786,2021-10-05 02:32:00,21100.0,500.0,4603370.0
2787,2021-10-05 02:32:00,21100.0,300.0,4602870.0
2788,2021-10-05 02:32:00,21100.0,1000.0,4602570.0
2789,2021-10-05 02:32:00,21100.0,2000.0,4601570.0
2790,2021-10-05 02:32:00,21100.0,100.0,4599570.0
2791,2021-10-05 02:32:00,21100.0,1000.0,4599470.0
2792,2021-10-05 02:32:00,21200.0,100.0,4598470.0
2793,2021-10-05 02:32:00,21100.0,4000.0,4598370.0
2794,2021-10-05 02:32:00,21200.0,900.0,4594370.0
2795,2021-10-05 02:32:00,21100.0,2000.0,4593470.0
2796,2021-10-05 02:31:00,21100.0,5000.0,4591470.0
2797,2021-10-05 02:31:00,21100.0,3000.0,4586470.0
2798,2021-10-05 02:31:00,21100.0,100.0,4583470.0
2799,2021-10-05 02:31:00,21100.0,300.0,4583370.0
2800,2021-10-05 02:31:00,21100.0,100.0,4583070.0
2801,2021-10-05 02:31:00,21100.0,800.0,4582970.0
2802,2021-10-05 02:31:00,21100.0,100.0,4582170.0
2803,2021-10-05 02:31:00,21100.0,86800.0,4582070.0
2804,2021-10-05 02:31:00,21100.0,50000.0,4495270.0
2805,2021-10-05 02:31:00,21100.0,5000.0,4445270.0
2806,2021-10-05 02:31:00,21100.0,100.0,4440270.0
2807,2021-10-05 02:31:00,21100.0,1000.0,4440170.0
2808,2021-10-05 02:30:00,21000.0,3500.0,4439170.0
2809,2021-10-05 02:30:00,21100.0,2900.0,4435670.0
2810,2021-10-05 02:30:00,21100.0,200.0,4432770.0
2811,2021-10-05 02:30:00,21100.0,1000.0,4432570.0
2812,2021-10-05 02:30:00,21000.0,3000.0,4431570.0
2813,2021-10-05 02:30:00,21100.0,100.0,4428570.0
2814,2021-10-05 02:30:00,21000.0,2100.0,4428470.0
2815,2021-10-05 02:30:00,21000.0,100.0,4426370.0
2816,2021-10-05 02:30:00,21000.0,1000.0,4426270.0
2817,2021-10-05 02:30:00,21100.0,2300.0,4425270.0
2818,2021-10-05 02:30:00,21000.0,5000.0,4422970.0
2819,2021-10-05 02:30:00,21000.0,100.0,4417970.0
2820,2021-10-05 02:30:00,21100.0,800.0,4417870.0
2821,2021-10-05 02:30:00,21000.0,200.0,4417070.0
2822,2021-10-05 02:30:00,21000.0,3000.0,4416870.0
2823,2021-10-05 02:30:00,21000.0,500.0,4413870.0
2824,2021-10-05 02:30:00,21000.0,1000.0,4413370.0
2825,2021-10-05 02:30:00,21000.0,2000.0,4412370.0
2826,2021-10-05 02:30:00,21000.0,500.0,4410370.0
2827,2021-10-05 02:30:00,21000.0,1000.0,4409870.0
2828,2021-10-05 02:30:00,21000.0,500.0,4408870.0
2829,2021-10-05 02:29:00,21000.0,400.0,4408370.0
2830,2021-10-05 02:29:00,21000.0,2100.0,4407970.0
2831,2021-10-05 02:29:00,21000.0,300.0,4405870.0
2832,2021-10-05 02:29:00,21000.0,2000.0,4405570.0
2833,2021-10-05 02:29:00,21000.0,500.0,4403570.0
2834,2021-10-05 02:29:00,21000.0,21000.0,4403070.0
2835,2021-10-05 02:29:00,21000.0,3000.0,4382070.0
2836,2021-10-05 02:29:00,21000.0,1800.0,4379070.0
2837,2021-10-05 02:29:00,21000.0,100.0,4377270.0
2838,2021-10-05 02:29:00,21000.0,13700.0,4377170.0
2839,2021-10-05 02:29:00,21000.0,2000.0,4363470.0
2840,2021-10-05 02:29:00,21000.0,1900.0,4361470.0
2841,2021-10-05 02:29:00,21000.0,1000.0,4359570.0
2842,2021-10-05 02:28:00,21000.0,800.0,4358570.0
2843,2021-10-05 02:28:00,21000.0,400.0,4357770.0
2844,2021-10-05 02:28:00,21000.0,200.0,4357370.0
2845,2021-10-05 02:28:00,21000.0,4000.0,4357170.0
2846,2021-10-05 02:28:00,21000.0,2000.0,4353170.0
2847,2021-10-05 02:28:00,21000.0,12500.0,4351170.0
2848,2021-10-05 02:28:00,21000.0,1000.0,4338670.0
2849,2021-10-05 02:28:00,21000.0,5000.0,4337670.0
2850,2021-10-05 02:28:00,21000.0,300.0,4332670.0
2851,2021-10-05 02:28:00,21000.0,200.0,4332370.0
2852,2021-10-05 02:28:00,21000.0,100.0,4332170.0
2853,2021-10-05 02:28:00,21000.0,5000.0,4332070.0
2854,2021-10-05 02:28:00,21000.0,10700.0,4327070.0
2855,2021-10-05 02:28:00,21000.0,200.0,4316370.0
2856,2021-10-05 02:28:00,21000.0,89300.0,4316170.0
2857,2021-10-05 02:28:00,21000.0,1000.0,4226870.0
2858,2021-10-05 02:28:00,21000.0,500.0,4225870.0
2859,2021-10-05 02:28:00,21000.0,1000.0,4225370.0
2860,2021-10-05 02:27:00,21000.0,3000.0,4224370.0
2861,2021-10-05 02:27:00,21000.0,5000.0,4221370.0
2862,2021-10-05 02:27:00,21000.0,200.0,4216370.0
2863,2021-10-05 02:27:00,21100.0,2000.0,4216170.0
2864,2021-10-05 02:27:00,21000.0,1000.0,4214170.0
2865,2021-10-05 02:27:00,21000.0,200.0,4213170.0
2866,2021-10-05 02:27:00,21000.0,1000.0,4212970.0
2867,2021-10-05 02:27:00,21000.0,200.0,4211970.0
2868,2021-10-05 02:27:00,21100.0,20000.0,4211770.0
2869,2021-10-05 02:27:00,21000.0,20000.0,4191770.0
2870,2021-10-05 02:27:00,21100.0,200.0,4171770.0
2871,2021-10-05 02:26:00,21100.0,500.0,4171570.0
2872,2021-10-05 02:26:00,21100.0,1000.0,4171070.0
2873,2021-10-05 02:26:00,21100.0,100.0,4170070.0
2874,2021-10-05 02:26:00,21000.0,100.0,4169970.0
2875,2021-10-05 02:26:00,21100.0,30000.0,4169870.0
2876,2021-10-05 02:26:00,21100.0,100.0,4139870.0
2877,2021-10-05 02:26:00,21100.0,900.0,4139770.0
2878,2021-10-05 02:26:00,21000.0,3024.0,4138870.0
2879,2021-10-05 02:26:00,21000.0,500.0,4135846.0
2880,2021-10-05 02:26:00,21100.0,5000.0,4135346.0
2881,2021-10-05 02:26:00,21000.0,150.0,4130346.0
2882,2021-10-05 02:26:00,21000.0,10500.0,4130196.0
2883,2021-10-05 02:26:00,21000.0,50000.0,4119696.0
2884,2021-10-05 02:26:00,21000.0,2000.0,4069696.0
2885,2021-10-05 02:26:00,21000.0,500.0,4067696.0
2886,2021-10-05 02:26:00,21000.0,16200.0,4067196.0
2887,2021-10-05 02:26:00,21000.0,200.0,4050996.0
2888,2021-10-05 02:26:00,21000.0,500.0,4050796.0
2889,2021-10-05 02:26:00,21000.0,1500.0,4050296.0
2890,2021-10-05 02:26:00,21000.0,500.0,4048796.0
2891,2021-10-05 02:26:00,21000.0,5000.0,4048296.0
2892,2021-10-05 02:26:00,21000.0,700.0,4043296.0
2893,2021-10-05 02:26:00,21000.0,2100.0,4042596.0
2894,2021-10-05 02:25:00,21000.0,100.0,4040496.0
2895,2021-10-05 02:25:00,21000.0,100.0,4040396.0
2896,2021-10-05 02:25:00,21000.0,55400.0,4040296.0
2897,2021-10-05 02:25:00,21000.0,20100.0,3984896.0
2898,2021-10-05 02:25:00,21000.0,300.0,3964796.0
2899,2021-10-05 02:25:00,20900.0,10500.0,3964496.0
2900,2021-10-05 02:25:00,20900.0,1000.0,3953996.0
2901,2021-10-05 02:25:00,21000.0,1110.0,3952996.0
2902,2021-10-05 02:25:00,21000.0,200.0,3951886.0
2903,2021-10-05 02:25:00,21000.0,1000.0,3951686.0
2904,2021-10-05 02:25:00,21000.0,20000.0,3950686.0
2905,2021-10-05 02:25:00,21000.0,600.0,3930686.0
2906,2021-10-05 02:25:00,21000.0,4500.0,3930086.0
2907,2021-10-05 02:25:00,21000.0,200.0,3925586.0
2908,2021-10-05 02:25:00,20900.0,1000.0,3925386.0
2909,2021-10-05 02:25:00,20900.0,300.0,3924386.0
2910,2021-10-05 02:24:00,21000.0,400.0,3924086.0
2911,2021-10-05 02:24:00,20900.0,100.0,3923686.0
2912,2021-10-05 02:24:00,20900.0,100.0,3923586.0
2913,2021-10-05 02:24:00,20900.0,1500.0,3923486.0
2914,2021-10-05 02:24:00,20900.0,2100.0,3921986.0
2915,2021-10-05 02:24:00,20900.0,100.0,3919886.0
2916,2021-10-05 02:24:00,20900.0,1200.0,3919786.0
2917,2021-10-05 02:24:00,20900.0,2100.0,3918586.0
2918,2021-10-05 02:24:00,21000.0,600.0,3916486.0
2919,2021-10-05 02:24:00,20900.0,100100.0,3915886.0
2920,2021-10-05 02:24:00,21000.0,200.0,3815786.0
2921,2021-10-05 02:24:00,20900.0,10000.0,3815586.0
2922,2021-10-05 02:24:00,20900.0,1000.0,3805586.0
2923,2021-10-05 02:24:00,20900.0,300.0,3804586.0
2924,2021-10-05 02:24:00,20900.0,1500.0,3804286.0
2925,2021-10-05 02:24:00,21000.0,1000.0,3802786.0
2926,2021-10-05 02:24:00,20900.0,500.0,3801786.0
2927,2021-10-05 02:24:00,20900.0,300.0,3801286.0
2928,2021-10-05 02:24:00,21000.0,300.0,3800986.0
2929,2021-10-05 02:24:00,21000.0,1000.0,3800686.0
2930,2021-10-05 02:24:00,20900.0,4600.0,3799686.0
2931,2021-10-05 02:24:00,20900.0,110500.0,3795086.0
2932,2021-10-05 02:24:00,21000.0,1000.0,3684586.0
2933,2021-10-05 02:24:00,21000.0,1000.0,3683586.0
2934,2021-10-05 02:23:00,21000.0,100.0,3682586.0
2935,2021-10-05 02:23:00,21000.0,100.0,3682486.0
2936,2021-10-05 02:23:00,21000.0,300.0,3682386.0
2937,2021-10-05 02:23:00,21000.0,500.0,3682086.0
2938,2021-10-05 02:23:00,21000.0,1000.0,3681586.0
2939,2021-10-05 02:23:00,21000.0,100.0,3680586.0
2940,2021-10-05 02:23:00,21000.0,15000.0,3680486.0
2941,2021-10-05 02:23:00,21000.0,1000.0,3665486.0
2942,2021-10-05 02:23:00,21000.0,1000.0,3664486.0
2943,2021-10-05 02:23:00,21000.0,1000.0,3663486.0
2944,2021-10-05 02:23:00,21000.0,5000.0,3662486.0
2945,2021-10-05 02:23:00,21000.0,700.0,3657486.0
2946,2021-10-05 02:23:00,21000.0,8000.0,3656786.0
2947,2021-10-05 02:23:00,21000.0,500.0,3648786.0
2948,2021-10-05 02:23:00,21000.0,228100.0,3648286.0
2949,2021-10-05 02:23:00,21000.0,600.0,3420186.0
2950,2021-10-05 02:23:00,21000.0,600.0,3419586.0
2951,2021-10-05 02:23:00,21000.0,2000.0,3418986.0
2952,2021-10-05 02:23:00,21000.0,500.0,3416986.0
2953,2021-10-05 02:22:00,21000.0,700.0,3416486.0
2954,2021-10-05 02:22:00,21000.0,1000.0,3415786.0
2955,2021-10-05 02:22:00,21000.0,1200.0,3414786.0
2956,2021-10-05 02:22:00,21100.0,600.0,3413586.0
2957,2021-10-05 02:22:00,21000.0,9700.0,3412986.0
2958,2021-10-05 02:22:00,21100.0,7000.0,3403286.0
2959,2021-10-05 02:22:00,21000.0,500.0,3396286.0
2960,2021-10-05 02:22:00,21000.0,400.0,3395786.0
2961,2021-10-05 02:22:00,21100.0,100.0,3395386.0
2962,2021-10-05 02:22:00,21100.0,8900.0,3395286.0
2963,2021-10-05 02:22:00,21000.0,500.0,3386386.0
2964,2021-10-05 02:22:00,21100.0,500.0,3385886.0
2965,2021-10-05 02:22:00,21100.0,220.0,3385386.0
2966,2021-10-05 02:22:00,21100.0,300.0,3385166.0
2967,2021-10-05 02:22:00,21100.0,5000.0,3384866.0
2968,2021-10-05 02:22:00,21100.0,200.0,3379866.0
2969,2021-10-05 02:22:00,21100.0,200.0,3379666.0
2970,2021-10-05 02:22:00,21100.0,900.0,3379466.0
2971,2021-10-05 02:22:00,21100.0,1000.0,3378566.0
2972,2021-10-05 02:21:00,21100.0,700.0,3377566.0
2973,2021-10-05 02:21:00,21100.0,500.0,3376866.0
2974,2021-10-05 02:21:00,21000.0,1000.0,3376366.0
2975,2021-10-05 02:21:00,21100.0,100.0,3375366.0
2976,2021-10-05 02:21:00,21000.0,800.0,3375266.0
2977,2021-10-05 02:21:00,21100.0,900.0,3374466.0
2978,2021-10-05 02:21:00,21100.0,100.0,3373566.0
2979,2021-10-05 02:21:00,21100.0,700.0,3373466.0
2980,2021-10-05 02:21:00,21100.0,3500.0,3372766.0
2981,2021-10-05 02:21:00,21100.0,1000.0,3369266.0
2982,2021-10-05 02:21:00,21100.0,500.0,3368266.0
2983,2021-10-05 02:21:00,21100.0,2000.0,3367766.0
2984,2021-10-05 02:21:00,21000.0,6300.0,3365766.0
2985,2021-10-05 02:21:00,21100.0,400.0,3359466.0
2986,2021-10-05 02:21:00,21100.0,100.0,3359066.0
2987,2021-10-05 02:21:00,21100.0,700.0,3358966.0
2988,2021-10-05 02:21:00,21100.0,165200.0,3358266.0
2989,2021-10-05 02:21:00,21100.0,2400.0,3193066.0
2990,2021-10-05 02:21:00,21100.0,400.0,3190666.0
2991,2021-10-05 02:20:00,21100.0,4800.0,3190266.0
2992,2021-10-05 02:20:00,21100.0,1300.0,3185466.0
2993,2021-10-05 02:20:00,21100.0,225.0,3184166.0
2994,2021-10-05 02:20:00,21100.0,8000.0,3183941.0
2995,2021-10-05 02:20:00,21100.0,2000.0,3175941.0
2996,2021-10-05 02:20:00,21100.0,5000.0,3173941.0
2997,2021-10-05 02:20:00,21100.0,5000.0,3168941.0
2998,2021-10-05 02:20:00,21100.0,500.0,3163941.0
2999,2021-10-05 02:20:00,21100.0,200.0,3163441.0
3000,2021-10-05 02:20:00,21100.0,1000.0,3163241.0
3001,2021-10-05 02:20:00,21100.0,700.0,3162241.0
3002,2021-10-05 02:20:00,21200.0,200.0,3161541.0
3003,2021-10-05 02:20:00,21200.0,1300.0,3161341.0
3004,2021-10-05 02:20:00,21200.0,300.0,3160041.0
3005,2021-10-05 02:20:00,21200.0,100.0,3159741.0
3006,2021-10-05 02:19:00,21200.0,1000.0,3159641.0
3007,2021-10-05 02:19:00,21200.0,100.0,3158641.0
3008,2021-10-05 02:19:00,21200.0,600.0,3158541.0
3009,2021-10-05 02:19:00,21200.0,7900.0,3157941.0
3010,2021-10-05 02:19:00,21200.0,100.0,3150041.0
3011,2021-10-05 02:19:00,21200.0,600.0,3149941.0
3012,2021-10-05 02:19:00,21200.0,5000.0,3149341.0
3013,2021-10-05 02:19:00,21200.0,100.0,3144341.0
3014,2021-10-05 02:19:00,21200.0,2000.0,3144241.0
3015,2021-10-05 02:19:00,21200.0,200.0,3142241.0
3016,2021-10-05 02:19:00,21200.0,1100.0,3142041.0
3017,2021-10-05 02:19:00,21200.0,200.0,3140941.0
3018,2021-10-05 02:19:00,21200.0,500.0,3140741.0
3019,2021-10-05 02:19:00,21200.0,500.0,3140241.0
3020,2021-10-05 02:19:00,21200.0,800.0,3139741.0
3021,2021-10-05 02:19:00,21200.0,10.0,3138941.0
3022,2021-10-05 02:19:00,21200.0,500.0,3138931.0
3023,2021-10-05 02:18:00,21200.0,4800.0,3138431.0
3024,2021-10-05 02:18:00,21200.0,200.0,3133631.0
3025,2021-10-05 02:18:00,21200.0,1000.0,3133431.0
3026,2021-10-05 02:18:00,21200.0,1000.0,3132431.0
3027,2021-10-05 02:18:00,21200.0,700.0,3131431.0
3028,2021-10-05 02:18:00,21200.0,5000.0,3130731.0
3029,2021-10-05 02:18:00,21200.0,11000.0,3125731.0
3030,2021-10-05 02:18:00,21200.0,2500.0,3114731.0
3031,2021-10-05 02:18:00,21200.0,1000.0,3112231.0
3032,2021-10-05 02:18:00,21200.0,3500.0,3111231.0
3033,2021-10-05 02:18:00,21200.0,3100.0,3107731.0
3034,2021-10-05 02:18:00,21200.0,2000.0,3104631.0
3035,2021-10-05 02:18:00,21200.0,2000.0,3102631.0
3036,2021-10-05 02:18:00,21200.0,5500.0,3100631.0
3037,2021-10-05 02:18:00,21100.0,2500.0,3095131.0
3038,2021-10-05 02:18:00,21200.0,800.0,3092631.0
3039,2021-10-05 02:18:00,21200.0,200.0,3091831.0
3040,2021-10-05 02:18:00,21200.0,9000.0,3091631.0
3041,2021-10-05 02:18:00,21200.0,1100.0,3082631.0
3042,2021-10-05 02:18:00,21200.0,3000.0,3081531.0
3043,2021-10-05 02:18:00,21200.0,500.0,3078531.0
3044,2021-10-05 02:18:00,21200.0,20400.0,3078031.0
3045,2021-10-05 02:18:00,21100.0,1000.0,3057631.0
3046,2021-10-05 02:18:00,21200.0,100.0,3056631.0
3047,2021-10-05 02:17:00,21100.0,100.0,3056531.0
3048,2021-10-05 02:17:00,21100.0,600.0,3056431.0
3049,2021-10-05 02:17:00,21200.0,1900.0,3055831.0
3050,2021-10-05 02:17:00,21100.0,300.0,3053931.0
3051,2021-10-05 02:17:00,21200.0,300.0,3053631.0
3052,2021-10-05 02:17:00,21200.0,900.0,3053331.0
3053,2021-10-05 02:17:00,21200.0,1700.0,3052431.0
3054,2021-10-05 02:17:00,21200.0,6000.0,3050731.0
3055,2021-10-05 02:17:00,21200.0,2000.0,3044731.0
3056,2021-10-05 02:17:00,21200.0,200.0,3042731.0
3057,2021-10-05 02:17:00,21200.0,10000.0,3042531.0
3058,2021-10-05 02:17:00,21200.0,20000.0,3032531.0
3059,2021-10-05 02:17:00,21200.0,1500.0,3012531.0
3060,2021-10-05 02:17:00,21200.0,100000.0,3011031.0
3061,2021-10-05 02:17:00,21100.0,100.0,2911031.0
3062,2021-10-05 02:16:00,21200.0,1000.0,2910931.0
3063,2021-10-05 02:16:00,21200.0,700.0,2909931.0
3064,2021-10-05 02:16:00,21100.0,3000.0,2909231.0
3065,2021-10-05 02:16:00,21200.0,700.0,2906231.0
3066,2021-10-05 02:16:00,21200.0,200.0,2905531.0
3067,2021-10-05 02:16:00,21200.0,1000.0,2905331.0
3068,2021-10-05 02:16:00,21200.0,1500.0,2904331.0
3069,2021-10-05 02:16:00,21200.0,1000.0,2902831.0
3070,2021-10-05 02:16:00,21100.0,500.0,2901831.0
3071,2021-10-05 02:16:00,21200.0,4000.0,2901331.0
3072,2021-10-05 02:16:00,21200.0,200.0,2897331.0
3073,2021-10-05 02:16:00,21100.0,1400.0,2897131.0
3074,2021-10-05 02:16:00,21200.0,9100.0,2895731.0
3075,2021-10-05 02:16:00,21200.0,11600.0,2886631.0
3076,2021-10-05 02:15:00,21200.0,1100.0,2875031.0
3077,2021-10-05 02:15:00,21200.0,500.0,2873931.0
3078,2021-10-05 02:15:00,21200.0,500.0,2873431.0
3079,2021-10-05 02:15:00,21200.0,10000.0,2872931.0
3080,2021-10-05 02:15:00,21200.0,1000.0,2862931.0
3081,2021-10-05 02:15:00,21200.0,1000.0,2861931.0
3082,2021-10-05 02:15:00,21200.0,10.0,2860931.0
3083,2021-10-05 02:15:00,21200.0,400.0,2860921.0
3084,2021-10-05 02:15:00,21200.0,100.0,2860521.0
3085,2021-10-05 02:15:00,21300.0,2000.0,2860421.0
3086,2021-10-05 02:15:00,21200.0,100.0,2858421.0
3087,2021-10-05 02:15:00,21200.0,500.0,2858321.0
3088,2021-10-05 02:15:00,21200.0,3000.0,2857821.0
3089,2021-10-05 02:15:00,21300.0,4700.0,2854821.0
3090,2021-10-05 02:15:00,21200.0,200.0,2850121.0
3091,2021-10-05 02:15:00,21200.0,200.0,2849921.0
3092,2021-10-05 02:15:00,21200.0,5400.0,2849721.0
3093,2021-10-05 02:15:00,21200.0,2100.0,2844321.0
3094,2021-10-05 02:15:00,21200.0,2600.0,2842221.0
3095,2021-10-05 02:15:00,21200.0,1000.0,2839621.0
3096,2021-10-05 02:15:00,21200.0,200.0,2838621.0
3097,2021-10-05 02:15:00,21200.0,4000.0,2838421.0
3098,2021-10-05 02:14:00,21200.0,2000.0,2834421.0
3099,2021-10-05 02:14:00,21200.0,4000.0,2832421.0
3100,2021-10-05 02:14:00,21200.0,1000.0,2828421.0
3101,2021-10-05 02:14:00,21200.0,1300.0,2827421.0
3102,2021-10-05 02:14:00,21200.0,100.0,2826121.0
3103,2021-10-05 02:14:00,21200.0,100.0,2826021.0
3104,2021-10-05 02:14:00,21200.0,9500.0,2825921.0
3105,2021-10-05 02:14:00,21200.0,1000.0,2816421.0
3106,2021-10-05 02:14:00,21200.0,1200.0,2815421.0
3107,2021-10-05 02:14:00,21200.0,10000.0,2814221.0
3108,2021-10-05 02:14:00,21200.0,5000.0,2804221.0
3109,2021-10-05 02:14:00,21200.0,500.0,2799221.0
3110,2021-10-05 02:14:00,21200.0,1000.0,2798721.0
3111,2021-10-05 02:14:00,21200.0,18300.0,2797721.0
3112,2021-10-05 02:14:00,21100.0,1900.0,2779421.0
3113,2021-10-05 02:14:00,21200.0,2000.0,2777521.0
3114,2021-10-05 02:14:00,21200.0,200.0,2775521.0
3115,2021-10-05 02:14:00,21200.0,1600.0,2775321.0
3116,2021-10-05 02:13:00,21200.0,31000.0,2773721.0
3117,2021-10-05 02:13:00,21200.0,300.0,2742721.0
3118,2021-10-05 02:13:00,21200.0,2000.0,2742421.0
3119,2021-10-05 02:13:00,21200.0,300.0,2740421.0
3120,2021-10-05 02:13:00,21200.0,200.0,2740121.0
3121,2021-10-05 02:13:00,21200.0,2000.0,2739921.0
3122,2021-10-05 02:13:00,21200.0,500.0,2737921.0
3123,2021-10-05 02:13:00,21200.0,400.0,2737421.0
3124,2021-10-05 02:13:00,21200.0,200.0,2737021.0
3125,2021-10-05 02:13:00,21200.0,19600.0,2736821.0
3126,2021-10-05 02:13:00,21200.0,3000.0,2717221.0
3127,2021-10-05 02:13:00,21100.0,500.0,2714221.0
3128,2021-10-05 02:13:00,21200.0,500.0,2713721.0
3129,2021-10-05 02:13:00,21200.0,1000.0,2713221.0
3130,2021-10-05 02:13:00,21200.0,124.0,2712221.0
3131,2021-10-05 02:13:00,21200.0,50.0,2712097.0
3132,2021-10-05 02:13:00,21200.0,100000.0,2712047.0
3133,2021-10-05 02:13:00,21100.0,2000.0,2612047.0
3134,2021-10-05 02:13:00,21200.0,2000.0,2610047.0
3135,2021-10-05 02:12:00,21200.0,1000.0,2608047.0
3136,2021-10-05 02:12:00,21100.0,15000.0,2607047.0
3137,2021-10-05 02:12:00,21100.0,100.0,2592047.0
3138,2021-10-05 02:12:00,21100.0,2000.0,2591947.0
3139,2021-10-05 02:12:00,21100.0,200.0,2589947.0
3140,2021-10-05 02:12:00,21100.0,14800.0,2589747.0
3141,2021-10-05 02:12:00,21100.0,1000.0,2574947.0
3142,2021-10-05 02:12:00,21200.0,1000.0,2573947.0
3143,2021-10-05 02:12:00,21100.0,300.0,2572947.0
3144,2021-10-05 02:12:00,21200.0,4000.0,2572647.0
3145,2021-10-05 02:12:00,21100.0,10012.0,2568647.0
3146,2021-10-05 02:12:00,21100.0,1000.0,2558635.0
3147,2021-10-05 02:12:00,21100.0,1503.0,2557635.0
3148,2021-10-05 02:12:00,21100.0,1000.0,2556132.0
3149,2021-10-05 02:12:00,21200.0,200.0,2555132.0
3150,2021-10-05 02:12:00,21100.0,3500.0,2554932.0
3151,2021-10-05 02:12:00,21200.0,2000.0,2551432.0
3152,2021-10-05 02:12:00,21100.0,120000.0,2549432.0
3153,2021-10-05 02:12:00,21200.0,5000.0,2429432.0
3154,2021-10-05 02:12:00,21200.0,2000.0,2424432.0
3155,2021-10-05 02:12:00,21200.0,10200.0,2422432.0
3156,2021-10-05 02:11:00,21100.0,200.0,2412232.0
3157,2021-10-05 02:11:00,21200.0,200.0,2412032.0
3158,2021-10-05 02:11:00,21200.0,500.0,2411832.0
3159,2021-10-05 02:11:00,21100.0,100.0,2411332.0
3160,2021-10-05 02:11:00,21200.0,500.0,2411232.0
3161,2021-10-05 02:11:00,21200.0,300.0,2410732.0
3162,2021-10-05 02:11:00,21200.0,1000.0,2410432.0
3163,2021-10-05 02:11:00,21100.0,2000.0,2409432.0
3164,2021-10-05 02:11:00,21200.0,200.0,2407432.0
3165,2021-10-05 02:11:00,21200.0,2000.0,2407232.0
3166,2021-10-05 02:11:00,21200.0,3000.0,2405232.0
3167,2021-10-05 02:11:00,21100.0,2000.0,2402232.0
3168,2021-10-05 02:10:00,21200.0,500.0,2400232.0
3169,2021-10-05 02:10:00,21200.0,100.0,2399732.0
3170,2021-10-05 02:10:00,21200.0,400.0,2399632.0
3171,2021-10-05 02:10:00,21200.0,500.0,2399232.0
3172,2021-10-05 02:10:00,21200.0,100.0,2398732.0
3173,2021-10-05 02:10:00,21200.0,100.0,2398632.0
3174,2021-10-05 02:10:00,21200.0,1000.0,2398532.0
3175,2021-10-05 02:10:00,21200.0,16700.0,2397532.0
3176,2021-10-05 02:10:00,21200.0,1000.0,2380832.0
3177,2021-10-05 02:10:00,21200.0,800.0,2379832.0
3178,2021-10-05 02:10:00,21200.0,900.0,2379032.0
3179,2021-10-05 02:10:00,21200.0,150000.0,2378132.0
3180,2021-10-05 02:10:00,21300.0,8500.0,2228132.0
3181,2021-10-05 02:10:00,21200.0,5100.0,2219632.0
3182,2021-10-05 02:10:00,21300.0,500.0,2214532.0
3183,2021-10-05 02:10:00,21300.0,5000.0,2214032.0
3184,2021-10-05 02:10:00,21300.0,200.0,2209032.0
3185,2021-10-05 02:10:00,21300.0,1300.0,2208832.0
3186,2021-10-05 02:10:00,21300.0,2100.0,2207532.0
3187,2021-10-05 02:10:00,21300.0,100.0,2205432.0
3188,2021-10-05 02:10:00,21300.0,500.0,2205332.0
3189,2021-10-05 02:09:00,21300.0,200.0,2204832.0
3190,2021-10-05 02:09:00,21200.0,1000.0,2204632.0
3191,2021-10-05 02:09:00,21300.0,10000.0,2203632.0
3192,2021-10-05 02:09:00,21200.0,2000.0,2193632.0
3193,2021-10-05 02:09:00,21300.0,300.0,2191632.0
3194,2021-10-05 02:09:00,21300.0,100.0,2191332.0
3195,2021-10-05 02:09:00,21300.0,200.0,2191232.0
3196,2021-10-05 02:09:00,21300.0,2000.0,2191032.0
3197,2021-10-05 02:09:00,21300.0,500.0,2189032.0
3198,2021-10-05 02:09:00,21300.0,600.0,2188532.0
3199,2021-10-05 02:09:00,21300.0,29.0,2187932.0
3200,2021-10-05 02:09:00,21300.0,100.0,2187903.0
3201,2021-10-05 02:09:00,21300.0,100.0,2187803.0
3202,2021-10-05 02:09:00,21300.0,900.0,2187703.0
3203,2021-10-05 02:09:00,21300.0,600.0,2186803.0
3204,2021-10-05 02:09:00,21300.0,500.0,2186203.0
3205,2021-10-05 02:09:00,21300.0,1000.0,2185703.0
3206,2021-10-05 02:09:00,21200.0,13800.0,2184703.0
3207,2021-10-05 02:08:00,21200.0,200.0,2170903.0
3208,2021-10-05 02:08:00,21300.0,300.0,2170703.0
3209,2021-10-05 02:08:00,21300.0,10500.0,2170403.0
3210,2021-10-05 02:08:00,21300.0,7600.0,2159903.0
3211,2021-10-05 02:08:00,21300.0,1000.0,2152303.0
3212,2021-10-05 02:08:00,21300.0,1300.0,2151303.0
3213,2021-10-05 02:08:00,21300.0,1500.0,2150003.0
3214,2021-10-05 02:08:00,21300.0,5000.0,2148503.0
3215,2021-10-05 02:08:00,21300.0,200.0,2143503.0
3216,2021-10-05 02:08:00,21300.0,2500.0,2143303.0
3217,2021-10-05 02:08:00,21400.0,1000.0,2140803.0
3218,2021-10-05 02:08:00,21300.0,600.0,2139803.0
3219,2021-10-05 02:08:00,21300.0,700.0,2139203.0
3220,2021-10-05 02:08:00,21300.0,500.0,2138503.0
3221,2021-10-05 02:08:00,21300.0,3000.0,2138003.0
3222,2021-10-05 02:08:00,21300.0,1500.0,2135003.0
3223,2021-10-05 02:08:00,21300.0,100.0,2133503.0
3224,2021-10-05 02:08:00,21300.0,300.0,2133403.0
3225,2021-10-05 02:08:00,21400.0,10200.0,2133103.0
3226,2021-10-05 02:08:00,21300.0,520.0,2122903.0
3227,2021-10-05 02:08:00,21300.0,100.0,2122383.0
3228,2021-10-05 02:08:00,21300.0,5100.0,2122283.0
3229,2021-10-05 02:08:00,21400.0,20000.0,2117183.0
3230,2021-10-05 02:08:00,21300.0,500.0,2097183.0
3231,2021-10-05 02:08:00,21300.0,5500.0,2096683.0
3232,2021-10-05 02:08:00,21300.0,5900.0,2091183.0
3233,2021-10-05 02:08:00,21300.0,300.0,2085283.0
3234,2021-10-05 02:08:00,21300.0,2000.0,2084983.0
3235,2021-10-05 02:08:00,21300.0,67700.0,2082983.0
3236,2021-10-05 02:08:00,21300.0,700.0,2015283.0
3237,2021-10-05 02:08:00,21300.0,1000.0,2014583.0
3238,2021-10-05 02:08:00,21300.0,3400.0,2013583.0
3239,2021-10-05 02:08:00,21300.0,13.0,2010183.0
3240,2021-10-05 02:08:00,21300.0,200.0,2010170.0
3241,2021-10-05 02:07:00,21300.0,1030.0,2009970.0
3242,2021-10-05 02:07:00,21300.0,10000.0,2008940.0
3243,2021-10-05 02:07:00,21300.0,2000.0,1998940.0
3244,2021-10-05 02:07:00,21300.0,4000.0,1996940.0
3245,2021-10-05 02:07:00,21300.0,142300.0,1992940.0
3246,2021-10-05 02:07:00,21400.0,500.0,1850640.0
3247,2021-10-05 02:07:00,21400.0,500.0,1850140.0
3248,2021-10-05 02:07:00,21300.0,1000.0,1849640.0
3249,2021-10-05 02:07:00,21400.0,200.0,1848640.0
3250,2021-10-05 02:07:00,21400.0,200.0,1848440.0
3251,2021-10-05 02:07:00,21400.0,100.0,1848240.0
3252,2021-10-05 02:07:00,21400.0,20000.0,1848140.0
3253,2021-10-05 02:07:00,21400.0,2000.0,1828140.0
3254,2021-10-05 02:07:00,21400.0,2400.0,1826140.0
3255,2021-10-05 02:07:00,21300.0,3500.0,1823740.0
3256,2021-10-05 02:07:00,21400.0,500.0,1820240.0
3257,2021-10-05 02:07:00,21400.0,200.0,1819740.0
3258,2021-10-05 02:07:00,21400.0,200.0,1819540.0
3259,2021-10-05 02:07:00,21400.0,1500.0,1819340.0
3260,2021-10-05 02:07:00,21400.0,300.0,1817840.0
3261,2021-10-05 02:07:00,21400.0,1000.0,1817540.0
3262,2021-10-05 02:07:00,21400.0,5000.0,1816540.0
3263,2021-10-05 02:07:00,21300.0,200.0,1811540.0
3264,2021-10-05 02:07:00,21400.0,133200.0,1811340.0
3265,2021-10-05 02:07:00,21400.0,200.0,1678140.0
3266,2021-10-05 02:07:00,21400.0,200.0,1677940.0
3267,2021-10-05 02:07:00,21400.0,2000.0,1677740.0
3268,2021-10-05 02:07:00,21400.0,1500.0,1675740.0
3269,2021-10-05 02:06:00,21500.0,2500.0,1674240.0
3270,2021-10-05 02:06:00,21400.0,200.0,1671740.0
3271,2021-10-05 02:06:00,21400.0,800.0,1671540.0
3272,2021-10-05 02:06:00,21400.0,1400.0,1670740.0
3273,2021-10-05 02:06:00,21400.0,200.0,1669340.0
3274,2021-10-05 02:06:00,21400.0,100.0,1669140.0
3275,2021-10-05 02:06:00,21400.0,800.0,1669040.0
3276,2021-10-05 02:06:00,21400.0,400.0,1668240.0
3277,2021-10-05 02:06:00,21500.0,1000.0,1667840.0
3278,2021-10-05 02:06:00,21500.0,1000.0,1666840.0
3279,2021-10-05 02:06:00,21400.0,200.0,1665840.0
3280,2021-10-05 02:06:00,21400.0,300.0,1665640.0
3281,2021-10-05 02:06:00,21500.0,21100.0,1665340.0
3282,2021-10-05 02:06:00,21400.0,200.0,1644240.0
3283,2021-10-05 02:06:00,21400.0,500.0,1644040.0
3284,2021-10-05 02:06:00,21500.0,11.0,1643540.0
3285,2021-10-05 02:06:00,21500.0,1000.0,1643529.0
3286,2021-10-05 02:06:00,21400.0,5500.0,1642529.0
3287,2021-10-05 02:06:00,21400.0,10700.0,1637029.0
3288,2021-10-05 02:06:00,21400.0,500.0,1626329.0
3289,2021-10-05 02:06:00,21400.0,100.0,1625829.0
3290,2021-10-05 02:06:00,21400.0,2000.0,1625729.0
3291,2021-10-05 02:06:00,21400.0,2000.0,1623729.0
3292,2021-10-05 02:06:00,21400.0,1000.0,1621729.0
3293,2021-10-05 02:06:00,21400.0,700.0,1620729.0
3294,2021-10-05 02:06:00,21400.0,200.0,1620029.0
3295,2021-10-05 02:06:00,21400.0,500.0,1619829.0
3296,2021-10-05 02:06:00,21400.0,1000.0,1619329.0
3297,2021-10-05 02:06:00,21400.0,1000.0,1618329.0
3298,2021-10-05 02:06:00,21400.0,100300.0,1617329.0
3299,2021-10-05 02:06:00,21400.0,200.0,1517029.0
3300,2021-10-05 02:06:00,21300.0,2000.0,1516829.0
3301,2021-10-05 02:05:00,21400.0,22000.0,1514829.0
3302,2021-10-05 02:05:00,21300.0,1200.0,1492829.0
3303,2021-10-05 02:05:00,21400.0,600.0,1491629.0
3304,2021-10-05 02:05:00,21300.0,100.0,1491029.0
3305,2021-10-05 02:05:00,21400.0,500.0,1490929.0
3306,2021-10-05 02:05:00,21400.0,3300.0,1490429.0
3307,2021-10-05 02:05:00,21300.0,1500.0,1487129.0
3308,2021-10-05 02:05:00,21400.0,2900.0,1485629.0
3309,2021-10-05 02:05:00,21400.0,249600.0,1482729.0
3310,2021-10-05 02:05:00,21300.0,10700.0,1233129.0
3311,2021-10-05 02:05:00,21400.0,500.0,1222429.0
3312,2021-10-05 02:05:00,21300.0,10600.0,1221929.0
3313,2021-10-05 02:05:00,21300.0,500.0,1211329.0
3314,2021-10-05 02:05:00,21300.0,1000.0,1210829.0
3315,2021-10-05 02:05:00,21300.0,1000.0,1209829.0
3316,2021-10-05 02:05:00,21300.0,18029.0,1208829.0
3317,2021-10-05 02:05:00,21300.0,600.0,1190800.0
3318,2021-10-05 02:05:00,21400.0,1600.0,1190200.0
3319,2021-10-05 02:05:00,21300.0,1200.0,1188600.0
3320,2021-10-05 02:05:00,21300.0,3000.0,1187400.0
3321,2021-10-05 02:05:00,21300.0,2000.0,1184400.0
3322,2021-10-05 02:05:00,21300.0,1000.0,1182400.0
3323,2021-10-05 02:05:00,21300.0,10000.0,1181400.0
3324,2021-10-05 02:05:00,21300.0,2200.0,1171400.0
3325,2021-10-05 02:05:00,21300.0,200.0,1169200.0
3326,2021-10-05 02:05:00,21300.0,1600.0,1169000.0
3327,2021-10-05 02:05:00,21300.0,49500.0,1167400.0
3328,2021-10-05 02:05:00,21300.0,200.0,1117900.0
3329,2021-10-05 02:05:00,21300.0,200.0,1117700.0
3330,2021-10-05 02:05:00,21300.0,500.0,1117500.0
3331,2021-10-05 02:05:00,21300.0,1800.0,1117000.0
3332,2021-10-05 02:05:00,21300.0,600.0,1115200.0
3333,2021-10-05 02:05:00,21300.0,3400.0,1114600.0
3334,2021-10-05 02:05:00,21300.0,5000.0,1111200.0
3335,2021-10-05 02:05:00,21400.0,200.0,1106200.0
3336,2021-10-05 02:05:00,21300.0,5500.0,1106000.0
3337,2021-10-05 02:05:00,21300.0,100.0,1100500.0
3338,2021-10-05 02:05:00,21300.0,2000.0,1100400.0
3339,2021-10-05 02:04:00,21300.0,2500.0,1098400.0
3340,2021-10-05 02:04:00,21300.0,18200.0,1095900.0
3341,2021-10-05 02:04:00,21300.0,700.0,1077700.0
3342,2021-10-05 02:04:00,21300.0,200.0,1077000.0
3343,2021-10-05 02:04:00,21300.0,1000.0,1076800.0
3344,2021-10-05 02:04:00,21300.0,600.0,1075800.0
3345,2021-10-05 02:04:00,21200.0,52600.0,1075200.0
3346,2021-10-05 02:04:00,21300.0,200.0,1022600.0
3347,2021-10-05 02:04:00,21300.0,3000.0,1022400.0
3348,2021-10-05 02:04:00,21300.0,3300.0,1019400.0
3349,2021-10-05 02:04:00,21300.0,100.0,1016100.0
3350,2021-10-05 02:04:00,21200.0,1300.0,1016000.0
3351,2021-10-05 02:04:00,21200.0,1600.0,1014700.0
3352,2021-10-05 02:04:00,21300.0,1100.0,1013100.0
3353,2021-10-05 02:04:00,21200.0,1000.0,1012000.0
3354,2021-10-05 02:04:00,21300.0,1000.0,1011000.0
3355,2021-10-05 02:04:00,21300.0,200.0,1010000.0
3356,2021-10-05 02:04:00,21300.0,100000.0,1009800.0
3357,2021-10-05 02:04:00,21300.0,600.0,909800.0
3358,2021-10-05 02:04:00,21300.0,5000.0,909200.0
3359,2021-10-05 02:04:00,21300.0,3000.0,904200.0
3360,2021-10-05 02:04:00,21300.0,1000.0,901200.0
3361,2021-10-05 02:04:00,21200.0,500.0,900200.0
3362,2021-10-05 02:04:00,21300.0,2000.0,899700.0
3363,2021-10-05 02:04:00,21300.0,5000.0,897700.0
3364,2021-10-05 02:04:00,21300.0,48500.0,892700.0
3365,2021-10-05 02:04:00,21300.0,100.0,844200.0
3366,2021-10-05 02:04:00,21300.0,2000.0,844100.0
3367,2021-10-05 02:04:00,21300.0,1000.0,842100.0
3368,2021-10-05 02:04:00,21300.0,3000.0,841100.0
3369,2021-10-05 02:04:00,21300.0,100.0,838100.0
3370,2021-10-05 02:04:00,21300.0,1600.0,838000.0
3371,2021-10-05 02:04:00,21300.0,11200.0,836400.0
3372,2021-10-05 02:04:00,21300.0,1900.0,825200.0
3373,2021-10-05 02:04:00,21300.0,10000.0,823300.0
3374,2021-10-05 02:04:00,21300.0,11000.0,813300.0
3375,2021-10-05 02:03:00,21300.0,1000.0,802300.0
3376,2021-10-05 02:03:00,21300.0,11000.0,801300.0
3377,2021-10-05 02:03:00,21300.0,200.0,790300.0
3378,2021-10-05 02:03:00,21200.0,15500.0,790100.0
3379,2021-10-05 02:03:00,21300.0,200.0,774600.0
3380,2021-10-05 02:03:00,21200.0,100.0,774400.0
3381,2021-10-05 02:03:00,21300.0,3700.0,774300.0
3382,2021-10-05 02:03:00,21200.0,2000.0,770600.0
3383,2021-10-05 02:03:00,21200.0,600.0,768600.0
3384,2021-10-05 02:03:00,21300.0,100.0,768000.0
3385,2021-10-05 02:03:00,21300.0,400.0,767900.0
3386,2021-10-05 02:03:00,21200.0,600.0,767500.0
3387,2021-10-05 02:03:00,21300.0,25100.0,766900.0
3388,2021-10-05 02:03:00,21200.0,1000.0,741800.0
3389,2021-10-05 02:03:00,21300.0,1000.0,740800.0
3390,2021-10-05 02:03:00,21200.0,10000.0,739800.0
3391,2021-10-05 02:03:00,21200.0,1900.0,729800.0
3392,2021-10-05 02:03:00,21200.0,20600.0,727900.0
3393,2021-10-05 02:03:00,21200.0,1500.0,707300.0
3394,2021-10-05 02:03:00,21200.0,600.0,705800.0
3395,2021-10-05 02:03:00,21200.0,200.0,705200.0
3396,2021-10-05 02:03:00,21200.0,100.0,705000.0
3397,2021-10-05 02:03:00,21200.0,200.0,704900.0
3398,2021-10-05 02:03:00,21200.0,6000.0,704700.0
3399,2021-10-05 02:03:00,21300.0,700.0,698700.0
3400,2021-10-05 02:03:00,21200.0,27600.0,698000.0
3401,2021-10-05 02:03:00,21200.0,1000.0,670400.0
3402,2021-10-05 02:03:00,21200.0,500.0,669400.0
3403,2021-10-05 02:03:00,21200.0,1000.0,668900.0
3404,2021-10-05 02:03:00,21200.0,20600.0,667900.0
3405,2021-10-05 02:02:00,21100.0,2000.0,647300.0
3406,2021-10-05 02:02:00,21200.0,3000.0,645300.0
3407,2021-10-05 02:02:00,21200.0,9500.0,642300.0
3408,2021-10-05 02:02:00,21200.0,1000.0,632800.0
3409,2021-10-05 02:02:00,21200.0,10000.0,631800.0
3410,2021-10-05 02:02:00,21200.0,24600.0,621800.0
3411,2021-10-05 02:02:00,21200.0,200.0,597200.0
3412,2021-10-05 02:02:00,21100.0,11100.0,597000.0
3413,2021-10-05 02:02:00,21200.0,6000.0,585900.0
3414,2021-10-05 02:02:00,21200.0,5500.0,579900.0
3415,2021-10-05 02:02:00,21200.0,200.0,574400.0
3416,2021-10-05 02:02:00,21200.0,500.0,574200.0
3417,2021-10-05 02:02:00,21100.0,500.0,573700.0
3418,2021-10-05 02:02:00,21200.0,600.0,573200.0
3419,2021-10-05 02:02:00,21200.0,31400.0,572600.0
3420,2021-10-05 02:02:00,21200.0,1000.0,541200.0
3421,2021-10-05 02:02:00,21100.0,1500.0,540200.0
3422,2021-10-05 02:02:00,21200.0,5900.0,538700.0
3423,2021-10-05 02:02:00,21100.0,1000.0,532800.0
3424,2021-10-05 02:02:00,21200.0,500.0,531800.0
3425,2021-10-05 02:02:00,21200.0,3000.0,531300.0
3426,2021-10-05 02:02:00,21000.0,3000.0,528300.0
3427,2021-10-05 02:02:00,21100.0,6100.0,525300.0
3428,2021-10-05 02:02:00,21100.0,5200.0,519200.0
3429,2021-10-05 02:02:00,21100.0,5400.0,514000.0
3430,2021-10-05 02:02:00,21100.0,11400.0,508600.0
3431,2021-10-05 02:02:00,21200.0,100.0,497200.0
3432,2021-10-05 02:02:00,21200.0,5000.0,497100.0
3433,2021-10-05 02:02:00,21200.0,13800.0,492100.0
3434,2021-10-05 02:02:00,21200.0,200.0,478300.0
3435,2021-10-05 02:02:00,21200.0,500.0,478100.0
3436,2021-10-05 02:02:00,21100.0,4200.0,477600.0
3437,2021-10-05 02:02:00,21200.0,6000.0,473400.0
3438,2021-10-05 02:01:00,21200.0,63000.0,467400.0
3439,2021-10-05 02:01:00,21200.0,3000.0,404400.0
3440,2021-10-05 02:01:00,21200.0,1200.0,401400.0
3441,2021-10-05 02:01:00,21200.0,5600.0,400200.0
3442,2021-10-05 02:01:00,21300.0,16800.0,394600.0
3443,2021-10-05 02:01:00,21200.0,3000.0,377800.0
3444,2021-10-05 02:01:00,21300.0,3300.0,374800.0
3445,2021-10-05 02:01:00,21200.0,2000.0,371500.0
3446,2021-10-05 02:01:00,21200.0,3000.0,369500.0
3447,2021-10-05 02:01:00,21300.0,100.0,366500.0
3448,2021-10-05 02:01:00,21300.0,100.0,366400.0
3449,2021-10-05 02:01:00,21200.0,10100.0,366300.0
3450,2021-10-05 02:01:00,21300.0,1000.0,356200.0
3451,2021-10-05 02:01:00,21300.0,31100.0,355200.0
3452,2021-10-05 02:01:00,21200.0,23100.0,324100.0
3453,2021-10-05 02:01:00,21200.0,1100.0,301000.0
3454,2021-10-05 02:01:00,21200.0,200.0,299900.0
3455,2021-10-05 02:01:00,21200.0,7800.0,299700.0
3456,2021-10-05 02:01:00,21100.0,1600.0,291900.0
3457,2021-10-05 02:01:00,21200.0,100.0,290300.0
3458,2021-10-05 02:01:00,21300.0,1300.0,290200.0
3459,2021-10-05 02:01:00,21100.0,7000.0,288900.0
3460,2021-10-05 02:01:00,21200.0,8000.0,281900.0
3461,2021-10-05 02:01:00,21300.0,1900.0,273900.0
3462,2021-10-05 02:01:00,21300.0,8300.0,272000.0
3463,2021-10-05 02:01:00,21200.0,1400.0,263700.0
3464,2021-10-05 02:01:00,21200.0,43100.0,262300.0
3465,2021-10-05 02:01:00,21200.0,2000.0,219200.0
3466,2021-10-05 02:01:00,21200.0,100.0,217200.0
3467,2021-10-05 02:01:00,21200.0,300.0,217100.0
3468,2021-10-05 02:01:00,21200.0,500.0,216800.0
3469,2021-10-05 02:01:00,21200.0,4000.0,216300.0
3470,2021-10-05 02:01:00,21300.0,1000.0,212300.0
3471,2021-10-05 02:01:00,21300.0,300.0,211300.0
3472,2021-10-05 02:01:00,21300.0,11500.0,211000.0
3473,2021-10-05 02:01:00,21100.0,1200.0,199500.0
3474,2021-10-05 02:01:00,21200.0,6500.0,198300.0
3475,2021-10-05 02:01:00,21300.0,1000.0,191800.0
3476,2021-10-05 02:01:00,21100.0,1000.0,190800.0
3477,2021-10-05 02:01:00,21100.0,11200.0,189800.0
3478,2021-10-05 02:01:00,21300.0,2900.0,178600.0
3479,2021-10-05 02:01:00,21200.0,1300.0,175700.0
3480,2021-10-05 02:01:00,21200.0,5600.0,174400.0
3481,2021-10-05 02:01:00,21100.0,43500.0,168800.0
3482,2021-10-05 02:01:00,21200.0,4300.0,125300.0
3483,2021-10-05 02:01:00,21100.0,1000.0,121000.0
3484,2021-10-05 02:01:00,21200.0,6900.0,120000.0
3485,2021-10-05 02:01:00,21200.0,1500.0,113100.0
3486,2021-10-05 02:01:00,21200.0,43400.0,111600.0
3487,2021-10-05 02:00:00,21200.0,10100.0,68200.0
3488,2021-10-05 02:00:00,21300.0,1800.0,58100.0
3489,2021-10-05 02:00:00,21200.0,1000.0,56300.0
3490,2021-10-05 02:00:00,21200.0,1100.0,55300.0
3491,2021-10-05 02:00:00,21200.0,6000.0,54200.0
3492,2021-10-05 02:00:00,21200.0,5600.0,48200.0
3493,2021-10-05 02:00:00,21200.0,500.0,42600.0
3494,2021-10-05 02:00:00,21200.0,100.0,42100.0
3495,2021-10-05 02:00:00,21200.0,2000.0,42000.0
3496,2021-10-05 02:00:00,21200.0,1400.0,40000.0
3497,2021-10-05 02:00:00,21200.0,12600.0,38600.0
3498,2021-10-05 02:00:00,21200.0,900.0,26000.0
3499,2021-10-05 02:00:00,21200.0,4000.0,25100.0
3500,2021-10-05 02:00:00,21200.0,500.0,21100.0
3501,2021-10-05 02:00:00,21200.0,5000.0,20600.0
3502,2021-10-05 02:00:00,21200.0,11500.0,15600.0
3503,2021-10-05 02:00:00,21200.0,100.0,4100.0
3504,2021-10-05 02:00:00,21200.0,800.0,4000.0
3505,2021-10-05 02:00:00,21200.0,2100.0,3200.0
3506,2021-10-05 02:00:00,20700.0,1100.0,1100.0
